JoeSmith 76 P 0.487 0.706 88.7 0.294 80.3 0.0 0.0 0.0 0.0 0.0 0.0 0.0 0.0 0.0 0.0
KevinJepsen 74 P 0.428 0.619 95.5 0.0 0.0 0.0 0.0 0.212 83.9 0.169 86.1 0.0 0.0 0.0 0.0
MichaelRoth 7 P 0.407 0.523 84.9 0.121 74.8 0.0 0.0 0.038 68.1 0.318 77.6 0.0 0.0 0.0 0.0
MikeMorin 60 P 0.454 0.5 91.6 0.271 79.9 0.0 0.0 0.0 0.0 0.229 73.2 0.0 0.0 0.0 0.0
FernandoSalas 57 P 0.473 0.596 91.2 0.164 83.3 0.0 0.0 0.0 0.0 0.24 86.1 0.0 0.0 0.0 0.0
JairoDiaz 5 P 0.407 0.813 97.2 0.187 85.9 0.0 0.0 0.0 0.0 0.0 0.0 0.0 0.0 0.0 0.0
JeredWeaver 34 P 0.451 0.516 86.3 0.101 79.3 0.0 0.0 0.193 69.4 0.191 77.5 0.0 0.0 0.0 0.0
C.J.Wilson 31 P 0.417 0.525 90.8 0.099 82.0 0.084 87.9 0.166 76.5 0.125 85.2 0.0 0.0 0.001 79.5
CoryRasmus 30 P 0.44 0.432 92.8 0.217 83.6 0.0 0.0 0.151 76.1 0.201 85.9 0.0 0.0 0.0 0.0
HectorSantiago 30 P 0.48 0.615 90.9 0.09 76.9 0.084 85.5 0.0 0.0 0.205 82.8 0.006 77.2 0.0 0.0
SeanBurnett 3 P 0.579 0.79 86.5 0.211 76.8 0.0 0.0 0.0 0.0 0.0 0.0 0.0 0.0 0.0 0.0
DanedelaRosa 3 P 0.368 0.763 89.6 0.0 0.0 0.0 0.0 0.132 77.4 0.105 82.8 0.0 0.0 0.0 0.0
DrewRucinski 3 P 0.397 0.484 92.8 0.262 80.7 0.0 0.0 0.0 0.0 0.103 80.3 0.151 83.0 0.0 0.0
MattShoemaker 27 P 0.445 0.513 90.5 0.179 81.3 0.0 0.0 0.095 75.7 0.0 0.0 0.213 83.8 0.0 0.0
GarrettRichards 26 P 0.442 0.638 96.3 0.3 86.9 0.0 0.0 0.056 78.9 0.006 89.1 0.0 0.0 0.0 0.0
MichaelKohn 25 P 0.477 0.723 94.3 0.181 81.5 0.0 0.0 0.0 0.0 0.096 86.6 0.0 0.0 0.0 0.0
YoslanHerrera 20 P 0.44 0.528 93.2 0.0 0.0 0.0 0.0 0.201 80.5 0.0 0.0 0.271 84.8 0.0 0.0
JoshWall 2 P 0.326 0.512 91.0 0.488 82.0 0.0 0.0 0.0 0.0 0.0 0.0 0.0 0.0 0.0 0.0
JoseAlvarez 2 P 0.3 0.4 89.0 0.2 82.0 0.0 0.0 0.4 74.5 0.0 0.0 0.0 0.0 0.0 0.0
TylerSkaggs 18 P 0.489 0.654 92.1 0.0 0.0 0.0 0.0 0.242 76.9 0.104 84.5 0.0 0.0 0.0 0.0
CamBedrosian 17 P 0.438 0.743 94.5 0.183 84.3 0.0 0.0 0.0 0.0 0.074 87.0 0.0 0.0 0.0 0.0
NickMaronde 11 P 0.439 0.686 91.0 0.226 82.3 0.0 0.0 0.0 0.0 0.088 86.2 0.0 0.0 0.0 0.0
JarrettGrube 1 P 0.429 0.429 87.7 0.571 79.0 0.0 0.0 0.0 0.0 0.0 0.0 0.0 0.0 0.0 0.0
DavidCarpenter 1 P 0.5 0.658 89.3 0.342 76.9 0.0 0.0 0.0 0.0 0.0 0.0 0.0 0.0 0.0 0.0