JoshHamilton CF 89 0.62 0.407 0.753 0.458 0.791 0.652 0.236 0.0 0.112 0.968
ChrisIannetta C 77 0.59 0.221 0.694 0.517 0.815 0.623 0.286 0.0 0.091 0.997
CollinCowgill CF 65 0.64 0.291 0.581 0.591 0.849 0.754 0.154 0.015 0.077 0.98
C.J.Cron 1B 62 0.72 0.407 0.644 0.692 0.843 0.613 0.194 0.016 0.177 0.996
LuisJimenez 3B 6 0.63 0.39 0.614 0.567 0.907 0.667 0.333 0.0 0.0 1.0
HankConger C 51 0.69 0.297 0.672 0.652 0.868 0.686 0.235 0.0 0.078 0.989
EfrenNavarro 1B 39 0.77 0.294 0.58 0.705 0.933 0.692 0.256 0.026 0.026 0.993
ShawnO'Malley 2B 3 0.5 0.378 0.6 0.714 0.722 1.0 0.0 0.0 0.0 1.0
GrantGreen 1B 27 0.79 0.383 0.652 0.739 0.875 0.778 0.185 0.0 0.037 1.0
HowieKendrick 2B 181 0.76 0.35 0.656 0.668 0.9 0.751 0.182 0.028 0.039 0.984
MikeTrout CF 173 0.61 0.245 0.564 0.703 0.851 0.514 0.225 0.052 0.208 0.992
AlbertPujols 1B 172 0.82 0.331 0.666 0.718 0.937 0.616 0.215 0.006 0.163 0.997
ErickAybar SS 164 0.84 0.374 0.656 0.804 0.939 0.75 0.183 0.024 0.043 0.982
BrennanBoesch CF 14 0.73 0.46 0.803 0.574 0.904 0.714 0.143 0.0 0.143 0.933
KoleCalhoun 1B 134 0.73 0.317 0.676 0.638 0.906 0.619 0.231 0.022 0.127 0.996
JohnMcDonald 2B 13 0.7 0.27 0.536 0.667 0.955 0.846 0.154 0.0 0.0 0.97
DavidFreese 3B 120 0.67 0.311 0.629 0.651 0.848 0.7 0.208 0.008 0.083 0.966
IanStewart 1B 12 0.51 0.349 0.646 0.39 0.793 0.417 0.167 0.25 0.167 0.962
HectorSantiago P 1 0.8 0.2 0.7 1.0 1.0 1.0 0.0 0.0 0.0 0.909
GarrettRichards P 0 0.64 0.182 0.739 0.0 0.647 0.0 0.0 0.0 0.0 0.885
JeredWeaver P 0 0.5 0.2 0.4 0.0 1.0 0.0 0.0 0.0 0.0 0.949
MattShoemaker P 0 0.5 0.0 0.5 0.0 1.0 0.0 0.0 0.0 0.0 0.864
TylerSkaggs P 0 0.33 0.5 0.25 0.4 0.0 0.0 0.0 0.0 0.0 0.95
C.J.Wilson P 0 0.0 0.333 0.25 0.333 0.0 0.0 0.0 0.0 0.0 0.912