RaulValdes 8 P 0.447 0.675 86.4 0.299 77.0 0.0 0.0 0.0 0.0 0.026 75.0 0.0 0.0 0.0 0.0
MattAlbers 8 P 0.365 0.641 92.6 0.229 86.5 0.0 0.0 0.006 83.0 0.124 82.4 0.0 0.0 0.0 0.0
JorgeDeLeon 8 P 0.422 0.58 95.3 0.246 87.5 0.0 0.0 0.0 0.0 0.174 86.0 0.0 0.0 0.0 0.0
ChadQualls 58 P 0.496 0.615 92.6 0.383 86.6 0.0 0.0 0.0 0.0 0.0 0.0 0.002 85.0 0.0 0.0
TonySipp 56 P 0.441 0.585 92.4 0.265 81.7 0.0 0.0 0.0 0.0 0.149 79.2 0.0 0.0 0.0 0.0
JoshFields 54 P 0.499 0.662 94.4 0.0 0.0 0.0 0.0 0.203 78.8 0.135 78.3 0.0 0.0 0.0 0.0
JoseCisnero 5 P 0.525 0.72 93.7 0.04 85.3 0.0 0.0 0.18 80.3 0.06 88.3 0.0 0.0 0.0 0.0
DarinDowns 45 P 0.399 0.531 89.8 0.33 84.9 0.0 0.0 0.059 73.5 0.08 84.1 0.0 0.0 0.0 0.0
NicholasTropeano 4 P 0.424 0.581 90.4 0.0 0.0 0.0 0.0 0.197 78.8 0.197 81.1 0.025 79.4 0.0 0.0
LucasHarrell 3 P 0.337 0.646 91.1 0.0 0.0 0.136 87.1 0.089 80.8 0.129 83.7 0.0 0.0 0.0 0.0
DavidMartinez 3 P 0.4 0.577 90.8 0.189 82.8 0.0 0.0 0.0 0.0 0.099 82.9 0.135 81.5 0.0 0.0
ScottFeldman 29 P 0.444 0.329 88.9 0.0 0.0 0.353 87.1 0.27 74.8 0.0 0.0 0.048 84.6 0.0 0.0
DallasKeuchel 29 P 0.405 0.573 89.7 0.207 79.7 0.069 86.6 0.0 0.0 0.151 79.3 0.0 0.0 0.0 0.0
BradPeacock 28 P 0.442 0.585 92.1 0.152 83.2 0.0 0.0 0.186 76.5 0.077 80.5 0.0 0.0 0.0 0.0
CollinMcHugh 25 P 0.473 0.4 91.6 0.315 85.9 0.0 0.0 0.235 72.9 0.05 83.7 0.0 0.0 0.0 0.0
BrettOberholtzer 24 P 0.499 0.539 89.5 0.0 0.0 0.003 85.7 0.205 79.0 0.253 80.6 0.0 0.0 0.0 0.0
JoshZeid 23 P 0.408 0.572 93.8 0.283 86.3 0.0 0.0 0.0 0.0 0.144 85.5 0.0 0.0 0.0 0.0
AnthonyBass 21 P 0.455 0.602 93.8 0.32 85.7 0.0 0.0 0.005 73.0 0.073 86.1 0.0 0.0 0.0 0.0
KevinChapman 21 P 0.476 0.581 92.2 0.387 80.5 0.0 0.0 0.0 0.0 0.032 84.4 0.0 0.0 0.0 0.0
JakeBuchanan 17 P 0.431 0.561 88.5 0.157 82.6 0.0 0.0 0.194 76.0 0.088 83.4 0.0 0.0 0.0 0.0
MikeFoltynewicz 16 P 0.406 0.73 96.7 0.058 81.8 0.0 0.0 0.104 77.3 0.107 83.9 0.0 0.0 0.0 0.0
PaulClemens 13 P 0.488 0.617 92.3 0.0 0.0 0.0 0.0 0.185 76.6 0.199 83.6 0.0 0.0 0.0 0.0
RudyOwens 1 P 0.411 0.626 87.7 0.0 0.0 0.0 0.0 0.176 77.2 0.198 77.6 0.0 0.0 0.0 0.0