RobbieGrossman CF 84 0.62 0.211 0.619 0.659 0.864 0.738 0.167 0.024 0.071 0.983
MarwinGonzalez 1B 79 0.75 0.356 0.613 0.718 0.901 0.722 0.19 0.013 0.076 0.979
MaxStassi C 7 0.7 0.31 0.657 0.539 0.826 0.714 0.286 0.0 0.0 0.964
GeorgeSpringer CF 68 0.53 0.267 0.735 0.43 0.684 0.574 0.118 0.015 0.294 0.954
AlexPresley CF 62 0.79 0.33 0.63 0.733 0.89 0.79 0.097 0.016 0.097 1.0
JonathanVillar SS 55 0.65 0.306 0.648 0.494 0.808 0.6 0.236 0.036 0.127 0.949
JonSingleton 1B 52 0.49 0.271 0.648 0.552 0.703 0.5 0.25 0.0 0.25 0.987
CarlosCorporan C 40 0.72 0.348 0.757 0.657 0.816 0.7 0.15 0.0 0.15 0.992
MarcKrauss 1B 36 0.63 0.221 0.591 0.629 0.848 0.667 0.167 0.0 0.167 0.986
JesusGuzman 1B 31 0.61 0.225 0.599 0.591 0.837 0.806 0.129 0.0 0.065 0.994
GregorioPetit 2B 27 0.72 0.356 0.657 0.657 0.874 0.63 0.296 0.0 0.074 0.973
JoseAltuve 2B 225 0.87 0.374 0.677 0.85 0.949 0.747 0.209 0.013 0.031 0.986
L.J.Hoes LF 21 0.7 0.234 0.662 0.439 0.871 0.619 0.238 0.0 0.143 0.982
MattDominguez 3B 121 0.74 0.356 0.641 0.658 0.876 0.727 0.14 0.0 0.132 0.972
DexterFowler CF 120 0.65 0.249 0.686 0.641 0.829 0.725 0.175 0.033 0.067 0.98
ChrisCarter 1B 115 0.58 0.318 0.725 0.434 0.778 0.487 0.183 0.009 0.322 0.978
JasonCastro C 103 0.62 0.308 0.711 0.572 0.831 0.641 0.204 0.019 0.136 0.995
CollinMcHugh P 0 1.0 0.0 0.667 0.0 1.0 0.0 0.0 0.0 0.0 0.943
JakeBuchanan P 0 1.0 0.0 0.5 0.0 1.0 0.0 0.0 0.0 0.0 0.889
NicholasTropeano P 0 0.5 0.0 0.25 0.0 1.0 0.0 0.0 0.0 0.0 1.0
DallasKeuchel P 0 0.25 0.091 0.5 0.0 1.0 0.0 0.0 0.0 0.0 0.985
DomingoSantana LF 0 0.17 0.34 0.767 0.063 0.609 0.0 0.0 0.0 0.0 1.0
TonySipp LF 0 0.0 0.0 0.0 0.0 0.0 0.0 0.0 0.0 0.0 1.0
BradPeacock P 0 0.0 0.5 0.333 0.0 0.5 0.0 0.0 0.0 0.0 0.875
ScottFeldman P 0 0.0 0.4 0.875 0.5 0.714 0.0 0.0 0.0 0.0 1.0
JoshZeid P 0 0.0 0.0 0.0 0.0 0.0 0.0 0.0 0.0 0.0 1.0