LukeGregerson 72 P 0.447 0.458 88.4 0.471 80.9 0.0 0.0 0.008 72.1 0.063 77.0 0.0 0.0 0.0 0.0
DanOtero 72 P 0.462 0.716 90.2 0.116 81.6 0.0 0.0 0.03 76.9 0.138 82.8 0.0 0.0 0.0 0.0
FernandoRodriguez 7 P 0.517 0.57 93.7 0.0 0.0 0.198 90.8 0.165 77.7 0.066 86.6 0.0 0.0 0.0 0.0
FernandoAbad 69 P 0.481 0.655 92.0 0.0 0.0 0.005 85.3 0.27 77.4 0.071 75.1 0.0 0.0 0.0 0.0
SeanDoolittle 61 P 0.536 0.876 94.0 0.113 81.4 0.0 0.0 0.0 0.0 0.012 83.5 0.0 0.0 0.0 0.0
RyanCook 54 P 0.476 0.647 94.2 0.263 84.6 0.0 0.0 0.0 0.0 0.09 86.9 0.0 0.0 0.0 0.0
SonnyGray 33 P 0.456 0.556 93.0 0.087 86.2 0.0 0.0 0.271 81.3 0.086 86.2 0.0 0.0 0.0 0.0
ScottKazmir 32 P 0.472 0.538 91.0 0.122 81.5 0.087 86.2 0.056 76.0 0.197 77.2 0.0 0.0 0.0 0.0
JesseChavez 32 P 0.491 0.305 91.3 0.0 0.0 0.385 88.9 0.14 75.3 0.17 84.3 0.0 0.0 0.0 0.0
JoeSavery 3 P 0.5 0.814 91.0 0.07 82.7 0.0 0.0 0.0 0.0 0.116 81.4 0.0 0.0 0.0 0.0
EricO'Flaherty 21 P 0.445 0.741 89.9 0.256 83.3 0.0 0.0 0.0 0.0 0.003 84.0 0.0 0.0 0.0 0.0
DrewPomeranz 20 P 0.46 0.722 91.1 0.0 0.0 0.0 0.0 0.268 80.7 0.01 84.8 0.0 0.0 0.0 0.0
EvanScribner 13 P 0.538 0.646 91.2 0.11 87.2 0.0 0.0 0.244 72.5 0.0 0.0 0.0 0.0 0.0 0.0
JoshLindblom 1 P 0.458 0.631 89.8 0.06 84.0 0.0 0.0 0.107 68.8 0.202 82.3 0.0 0.0 0.0 0.0