JoshReddick CF 96 0.77 0.308 0.73 0.725 0.879 0.635 0.167 0.073 0.125 0.975
AlbertoCallaspo 1B 90 0.8 0.234 0.602 0.821 0.941 0.789 0.167 0.0 0.044 0.978
DaricBarton 1B 9 0.69 0.225 0.644 0.6 0.923 0.889 0.111 0.0 0.0 0.983
JohnJaso C 81 0.72 0.264 0.689 0.649 0.892 0.63 0.222 0.037 0.111 0.997
StephenVogt 1B 75 0.8 0.28 0.6 0.818 0.924 0.72 0.133 0.027 0.12 0.995
AndyParrino 2B 7 0.65 0.216 0.709 0.583 0.849 0.429 0.429 0.0 0.143 0.972
EricSogard 2B 65 0.79 0.264 0.595 0.8 0.96 0.831 0.154 0.0 0.015 0.988
CraigGentry CF 59 0.74 0.223 0.603 0.631 0.923 0.881 0.102 0.017 0.0 1.0
NickPunto 2B 41 0.64 0.25 0.601 0.777 0.851 0.732 0.171 0.049 0.049 0.973
NateFreiman 1B 19 0.69 0.335 0.612 0.556 0.833 0.474 0.263 0.0 0.263 0.986
JoshDonaldson 3B 155 0.69 0.247 0.663 0.587 0.846 0.6 0.2 0.013 0.187 0.952
JedLowrie SS 125 0.76 0.28 0.733 0.766 0.914 0.696 0.232 0.024 0.048 0.974
BrandonMoss 1B 117 0.6 0.334 0.676 0.561 0.854 0.573 0.197 0.017 0.214 0.99
CocoCrisp CF 114 0.75 0.207 0.616 0.729 0.936 0.711 0.184 0.026 0.079 0.985
DerekNorris C 104 0.68 0.231 0.606 0.604 0.906 0.712 0.183 0.01 0.096 0.992
BillyBurns CF 1 1.0 0.0 0.818 0.0 0.889 1.0 0.0 0.0 0.0 0.667
SeanDoolittle P 0 1.0 0.5 0.5 1.0 0.0 0.0 0.0 0.0 0.0 1.0
BryanAnderson NOPOSITION 0 1.0 0.0 1.0 0.0 1.0 0.0 0.0 0.0 0.0 0.0
ScottKazmir P 0 0.75 0.75 0.833 1.0 0.6 0.0 0.0 0.0 0.0 0.87
TommyMilone P 0 0.75 0.5 0.5 0.667 1.0 0.0 0.0 0.0 0.0 0.958
SonnyGray P 0 0.75 0.25 0.714 1.0 0.8 0.0 0.0 0.0 0.0 0.952
BradMills P 0 0.67 0.2 0.5 1.0 1.0 0.0 0.0 0.0 0.0 1.0
JimJohnson P 0 0.0 0.0 0.0 0.0 0.0 0.0 0.0 0.0 0.0 0.909
JesseChavez P 0 0.0 0.0 0.444 0.0 0.25 0.0 0.0 0.0 0.0 1.0