AdamLind 1B 93 0.76 0.304 0.643 0.708 0.895 0.656 0.258 0.022 0.065 0.992
DaltonPompey CF 9 0.63 0.38 0.672 0.457 0.837 0.556 0.111 0.222 0.111 1.0
DanJohnson 1B 8 0.63 0.272 0.556 0.647 0.8 0.625 0.25 0.0 0.125 0.98
ColbyRasmus CF 78 0.59 0.331 0.695 0.497 0.841 0.487 0.269 0.013 0.231 0.996
BrettLawrie 2B 64 0.75 0.331 0.663 0.669 0.892 0.672 0.141 0.0 0.188 0.984
JuanFrancisco 1B 63 0.54 0.352 0.677 0.565 0.771 0.46 0.254 0.032 0.254 0.933
MunenoriKawasaki 2B 62 0.73 0.226 0.536 0.696 0.939 0.871 0.113 0.016 0.0 0.978
JonathanDiaz 2B 6 0.58 0.196 0.43 0.6 0.861 0.833 0.167 0.0 0.0 1.0
AnthonyGose CF 54 0.62 0.309 0.664 0.528 0.836 0.796 0.148 0.019 0.037 0.993
SteveTolleson 2B 43 0.67 0.302 0.636 0.521 0.892 0.721 0.163 0.047 0.07 0.963
ChrisGetz 2B 4 0.79 0.48 0.543 0.75 0.895 0.75 0.25 0.0 0.0 1.0
RyanGoins 2B 34 0.76 0.358 0.596 0.69 0.91 0.706 0.176 0.088 0.029 0.995
JoshThole C 33 0.74 0.279 0.669 0.713 0.919 0.879 0.121 0.0 0.0 0.997
KevinPillar CF 31 0.73 0.437 0.652 0.638 0.895 0.645 0.29 0.0 0.065 1.0
DrewHutchison P 2 0.5 0.556 0.667 0.4 0.75 1.0 0.0 0.0 0.0 0.952
JoseReyes SS 175 0.83 0.336 0.692 0.773 0.934 0.737 0.189 0.023 0.051 0.966
MelkyCabrera CF 171 0.82 0.333 0.638 0.817 0.934 0.684 0.205 0.018 0.094 0.992
JoseBautista 1B 158 0.69 0.259 0.605 0.719 0.877 0.608 0.171 0.0 0.222 0.986
DionerNavarro C 132 0.79 0.335 0.657 0.743 0.92 0.742 0.167 0.0 0.091 0.996
EdwinEncarnacion 1B 128 0.73 0.281 0.621 0.708 0.887 0.508 0.211 0.016 0.266 0.988
MaicerIzturis 2B 10 0.84 0.294 0.5 0.72 0.939 0.9 0.1 0.0 0.0 1.0
BradGlenn RF 1 0.63 0.263 0.821 0.7 0.826 1.0 0.0 0.0 0.0 1.0
EsmilRogers P 0 1.0 0.5 1.0 1.0 1.0 0.0 0.0 0.0 0.0 1.0
ToddRedmond P 0 1.0 0.667 0.0 1.0 0.0 0.0 0.0 0.0 0.0 0.667
R.A.Dickey P 0 0.78 0.625 0.65 0.8 1.0 0.0 0.0 0.0 0.0 0.952
DustinMcGowan P 0 0.25 0.25 0.556 0.0 0.4 0.0 0.0 0.0 0.0 1.0
SergioSantos P 0 0.0 0.0 0.0 0.0 0.0 0.0 0.0 0.0 0.0 1.0
MarcusStroman P 0 0.0 0.0 0.0 0.0 0.0 0.0 0.0 0.0 0.0 1.0
J.A.Happ P 0 0.0 0.0 0.375 0.0 0.667 0.0 0.0 0.0 0.0 0.95
BrandonMorrow P 0 0.0 0.167 0.333 0.0 1.0 0.0 0.0 0.0 0.0 1.0