AaronLoup 71 P 0.433 0.688 92.3 0.124 77.6 0.0 0.0 0.0 0.0 0.188 80.7 0.0 0.0 0.0 0.0
BrettCecil 66 P 0.418 0.34 92.8 0.0 0.0 0.163 90.8 0.435 84.6 0.063 85.5 0.0 0.0 0.0 0.0
DustinMcGowan 53 P 0.441 0.705 94.0 0.18 87.2 0.0 0.0 0.009 80.5 0.106 87.2 0.0 0.0 0.0 0.0
CaseyJanssen 50 P 0.465 0.451 89.3 0.054 84.3 0.295 88.4 0.163 74.4 0.037 83.3 0.0 0.0 0.0 0.0
DanielNorris 5 P 0.384 0.609 91.2 0.109 80.8 0.0 0.0 0.101 73.3 0.181 82.8 0.0 0.0 0.0 0.0
KendallGraveman 5 P 0.424 0.721 92.9 0.082 82.0 0.164 90.5 0.0 0.0 0.0 0.0 0.033 85.0 0.0 0.0
ToddRedmond 42 P 0.477 0.705 90.4 0.245 80.5 0.0 0.0 0.0 0.0 0.05 82.4 0.0 0.0 0.0 0.0
R.A.Dickey 34 P 0.478 0.122 81.9 0.0 0.0 0.0 0.0 0.0 0.0 0.023 72.2 0.0 0.0 0.855 76.0
MarkBuehrle 32 P 0.432 0.49 83.9 0.0 0.0 0.155 80.2 0.13 71.6 0.225 78.2 0.0 0.0 0.0 0.0
DrewHutchison 32 P 0.435 0.651 92.2 0.23 84.6 0.0 0.0 0.0 0.0 0.119 85.3 0.0 0.0 0.0 0.0
J.A.Happ 30 P 0.47 0.72 92.7 0.064 83.6 0.0 0.0 0.121 77.9 0.095 85.5 0.0 0.0 0.0 0.0
SteveDelabar 30 P 0.448 0.651 93.3 0.117 85.2 0.0 0.0 0.0 0.0 0.0 0.0 0.232 86.4 0.0 0.0
SergioSantos 26 P 0.432 0.512 93.9 0.384 86.1 0.0 0.0 0.0 0.0 0.104 85.2 0.0 0.0 0.0 0.0
MarcusStroman 26 P 0.472 0.548 93.5 0.063 87.5 0.158 90.9 0.162 82.9 0.069 86.0 0.0 0.0 0.0 0.0
AaronSanchez 24 P 0.419 0.88 97.1 0.0 0.0 0.0 0.0 0.112 81.4 0.009 92.0 0.0 0.0 0.0 0.0
ChadJenkins 21 P 0.488 0.801 90.9 0.161 83.1 0.0 0.0 0.0 0.0 0.039 83.6 0.0 0.0 0.0 0.0
KyleDrabek 2 P 0.309 0.491 91.1 0.0 0.0 0.382 87.5 0.127 80.6 0.0 0.0 0.0 0.0 0.0 0.0
SteveTolleson 2 P 0.455 0.917 75.2 0.0 0.0 0.0 0.0 0.083 68.0 0.0 0.0 0.0 0.0 0.0 0.0
BobbyKorecky 2 P 0.351 0.103 90.0 0.052 80.0 0.845 84.8 0.0 0.0 0.0 0.0 0.0 0.0 0.0 0.0
BrandonMorrow 13 P 0.46 0.589 94.0 0.186 86.2 0.041 89.3 0.032 78.4 0.152 83.5 0.0 0.0 0.0 0.0
NeilWagner 10 P 0.414 0.773 94.9 0.162 86.2 0.0 0.0 0.0 0.0 0.065 85.4 0.0 0.0 0.0 0.0
RobRasmussen 10 P 0.411 0.683 93.4 0.06 85.1 0.0 0.0 0.191 77.0 0.066 84.4 0.0 0.0 0.0 0.0
SeanNolin 1 P 0.5 0.889 92.9 0.0 0.0 0.0 0.0 0.056 74.0 0.056 82.0 0.0 0.0 0.0 0.0