GavinFloyd 9 P 0.435 0.575 91.9 0.0 0.0 0.18 86.1 0.175 80.9 0.07 84.9 0.0 0.0 0.0 0.0
DavidCarpenter 65 P 0.517 0.723 95.6 0.258 85.5 0.0 0.0 0.0 0.0 0.019 88.6 0.0 0.0 0.0 0.0
CraigKimbrel 63 P 0.478 0.726 97.1 0.0 0.0 0.0 0.0 0.274 85.4 0.0 0.0 0.0 0.0 0.0 0.0
LuisAvilan 62 P 0.435 0.817 92.8 0.002 83.0 0.0 0.0 0.096 75.2 0.086 80.8 0.0 0.0 0.0 0.0
AnthonyVarvaro 61 P 0.482 0.591 92.5 0.0 0.0 0.0 0.0 0.25 79.9 0.159 85.3 0.0 0.0 0.0 0.0
JordanWalden 58 P 0.423 0.644 95.9 0.249 83.4 0.0 0.0 0.0 0.0 0.107 86.8 0.0 0.0 0.0 0.0
DavidHale 45 P 0.405 0.663 90.9 0.19 80.5 0.0 0.0 0.0 0.0 0.147 80.2 0.0 0.0 0.0 0.0
AlexWood 35 P 0.461 0.595 89.8 0.0 0.0 0.0 0.0 0.227 79.2 0.179 82.5 0.0 0.0 0.0 0.0
AaronHarang 33 P 0.455 0.536 89.3 0.173 80.8 0.122 87.6 0.106 74.1 0.063 83.7 0.0 0.0 0.0 0.0
JulioTeheran 33 P 0.461 0.609 90.4 0.199 81.3 0.0 0.0 0.105 73.2 0.086 81.3 0.0 0.0 0.0 0.0
ErvinSantana 31 P 0.435 0.522 92.3 0.329 83.4 0.0 0.0 0.007 77.5 0.142 84.5 0.0 0.0 0.0 0.0
PedroBeato 3 P 0.461 0.597 91.5 0.0 0.0 0.182 85.5 0.065 76.2 0.156 84.8 0.0 0.0 0.0 0.0
ShaeSimmons 26 P 0.456 0.685 94.9 0.236 84.0 0.0 0.0 0.0 0.0 0.0 0.0 0.08 84.0 0.0 0.0
MikeMinor 25 P 0.448 0.612 90.3 0.146 85.0 0.0 0.0 0.16 80.8 0.083 84.1 0.0 0.0 0.0 0.0
JuanJaime 16 P 0.415 0.812 96.2 0.0 0.0 0.0 0.0 0.108 75.9 0.079 88.1 0.0 0.0 0.0 0.0
IanThomas 16 P 0.505 0.589 90.7 0.084 85.1 0.0 0.0 0.149 73.1 0.178 78.2 0.0 0.0 0.0 0.0
ChasenShreve 15 P 0.378 0.628 91.5 0.26 83.3 0.0 0.0 0.0 0.0 0.0 0.0 0.113 82.8 0.0 0.0
GusSchlosser 15 P 0.449 0.709 89.5 0.217 76.4 0.0 0.0 0.0 0.0 0.074 80.6 0.0 0.0 0.0 0.0
RyanBuchter 1 P 0.333 0.5 92.0 0.0 0.0 0.167 90.0 0.333 77.0 0.0 0.0 0.0 0.0 0.0 0.0