EvanGattis C 97 0.68 0.417 0.704 0.627 0.821 0.588 0.175 0.01 0.227 0.994
TommyLaStella 2B 80 0.79 0.254 0.641 0.794 0.875 0.775 0.2 0.013 0.013 0.984
TylerPastornicky 2B 8 0.64 0.337 0.602 0.706 0.943 0.875 0.0 0.125 0.0 0.967
MikeMinor P 7 0.65 0.347 0.615 0.64 0.729 0.714 0.143 0.0 0.143 1.0
JulioTeheran P 7 0.7 0.392 0.518 0.571 0.944 0.857 0.143 0.0 0.0 1.0
ErvinSantana P 7 0.59 0.406 0.555 0.558 0.761 0.857 0.143 0.0 0.0 0.974
AaronHarang P 5 0.58 0.476 0.627 0.469 0.671 1.0 0.0 0.0 0.0 1.0
RamiroPena 2B 36 0.69 0.437 0.664 0.718 0.872 0.75 0.167 0.0 0.083 0.976
PhilGosselin 2B 34 0.75 0.297 0.564 0.6 0.917 0.853 0.118 0.0 0.029 0.973
RyanDoumit C 31 0.66 0.354 0.614 0.568 0.818 0.71 0.129 0.0 0.161 1.0
GeraldLaird C 31 0.71 0.343 0.663 0.75 0.887 0.742 0.258 0.0 0.0 0.995
JoeyTerdoslavich 1B 3 0.64 0.4 0.882 0.5 0.733 0.333 0.667 0.0 0.0 1.0
AlexWood P 3 0.38 0.101 0.376 0.5 0.75 1.0 0.0 0.0 0.0 0.933
ChristianBethancourt C 28 0.74 0.469 0.724 0.495 0.885 0.893 0.107 0.0 0.0 0.987
GavinFloyd P 2 0.33 0.464 0.563 0.154 0.722 1.0 0.0 0.0 0.0 0.923
FreddieFreeman 1B 175 0.66 0.311 0.796 0.636 0.832 0.629 0.246 0.023 0.103 0.996
JasonHeyward RF 155 0.74 0.281 0.639 0.702 0.889 0.742 0.168 0.019 0.071 0.997
JustinUpton LF 153 0.63 0.311 0.706 0.616 0.791 0.575 0.222 0.013 0.19 0.972
ChrisJohnson 1B 153 0.7 0.443 0.711 0.516 0.883 0.758 0.176 0.0 0.065 0.978
AndreltonSimmons SS 132 0.84 0.302 0.698 0.784 0.912 0.78 0.136 0.03 0.053 0.978
MelvinUpton CF 108 0.6 0.277 0.709 0.544 0.739 0.667 0.176 0.046 0.111 0.98
GusSchlosser P 1 1.0 0.0 0.5 0.0 1.0 1.0 0.0 0.0 0.0 0.8
DavidHale P 1 0.58 0.28 0.488 0.429 0.9 1.0 0.0 0.0 0.0 1.0
LuisAvilan P 0 1.0 0.0 0.5 0.0 1.0 0.0 0.0 0.0 0.0 1.0
JamesRussell P 0 1.0 1.0 0.5 0.0 1.0 0.0 0.0 0.0 0.0 1.0
JoseConstanza LF 0 0.75 0.375 0.857 0.667 0.833 0.0 0.0 0.0 0.0 1.0