WillSmith 78 P 0.393 0.559 93.0 0.33 81.7 0.0 0.0 0.105 78.0 0.006 84.7 0.0 0.0 0.0 0.0
ZachDuke 74 P 0.416 0.487 89.7 0.159 76.4 0.195 82.9 0.133 75.0 0.026 84.8 0.0 0.0 0.0 0.0
FranciscoRodriguez 69 P 0.458 0.55 90.6 0.0 0.0 0.0 0.0 0.157 76.2 0.293 83.1 0.0 0.0 0.0 0.0
BrandonKintzler 64 P 0.387 0.807 92.1 0.13 84.6 0.0 0.0 0.0 0.0 0.063 86.6 0.0 0.0 0.0 0.0
AlfredoFigaro 6 P 0.523 0.688 95.0 0.185 81.8 0.0 0.0 0.121 81.9 0.006 87.0 0.0 0.0 0.0 0.0
RobWooten 40 P 0.403 0.286 89.8 0.135 75.0 0.512 83.6 0.0 0.0 0.0 0.0 0.068 85.6 0.0 0.0
MarcoEstrada 39 P 0.45 0.566 89.0 0.0 0.0 0.0 0.0 0.135 77.1 0.3 78.0 0.0 0.0 0.0 0.0
WilyPeralta 32 P 0.425 0.657 95.8 0.293 85.7 0.0 0.0 0.0 0.0 0.05 84.2 0.0 0.0 0.0 0.0
YovaniGallardo 32 P 0.416 0.557 91.4 0.246 87.4 0.0 0.0 0.191 79.1 0.007 85.8 0.0 0.0 0.0 0.0
KyleLohse 31 P 0.422 0.457 89.4 0.297 83.7 0.0 0.0 0.119 74.5 0.127 79.2 0.0 0.0 0.0 0.0
MattGarza 27 P 0.419 0.676 92.5 0.217 84.4 0.0 0.0 0.098 74.4 0.01 85.4 0.0 0.0 0.0 0.0
TylerThornburg 27 P 0.441 0.602 93.6 0.0 0.0 0.0 0.0 0.249 77.6 0.149 83.9 0.0 0.0 0.0 0.0
TomGorzelanny 23 P 0.436 0.596 89.2 0.235 78.7 0.0 0.0 0.0 0.0 0.168 82.3 0.0 0.0 0.0 0.0
JimHenderson 14 P 0.489 0.814 93.9 0.186 85.3 0.0 0.0 0.0 0.0 0.0 0.0 0.0 0.0 0.0 0.0
MikeFiers 14 P 0.459 0.628 89.6 0.0 0.0 0.109 86.3 0.173 72.2 0.09 82.0 0.0 0.0 0.0 0.0
JimmyNelson 14 P 0.469 0.727 93.6 0.251 86.7 0.0 0.0 0.0 0.0 0.023 84.7 0.0 0.0 0.0 0.0
Wei-ChungWang 14 P 0.429 0.685 90.9 0.006 83.5 0.0 0.0 0.144 77.5 0.166 83.4 0.0 0.0 0.0 0.0
LyleOverbay 1 P 0.0 0.833 80.2 0.0 0.0 0.0 0.0 0.167 67.0 0.0 0.0 0.0 0.0 0.0 0.0
MartinMaldonado 1 P 0.333 1.0 80.2 0.0 0.0 0.0 0.0 0.0 0.0 0.0 0.0 0.0 0.0 0.0 0.0