MarkReynolds 1B 74 0.6 0.292 0.733 0.551 0.749 0.581 0.122 0.0 0.297 0.996
KyleLohse P 7 0.65 0.341 0.585 0.605 0.819 1.0 0.0 0.0 0.0 0.971
RickieWeeks 2B 69 0.63 0.282 0.661 0.494 0.839 0.594 0.275 0.014 0.116 0.969
LyleOverbay 1B 60 0.67 0.257 0.714 0.54 0.86 0.7 0.233 0.0 0.067 0.992
YovaniGallardo P 6 0.68 0.313 0.579 0.667 0.909 0.833 0.167 0.0 0.0 1.0
MatthewClark 1B 5 0.68 0.306 0.75 0.4 0.867 0.4 0.0 0.0 0.6 0.982
ElianHerrera 2B 37 0.72 0.383 0.709 0.651 0.865 0.784 0.189 0.027 0.0 1.0
WilyPeralta P 3 0.62 0.482 0.636 0.472 0.778 0.333 0.667 0.0 0.0 1.0
JimmyNelson P 3 0.68 0.317 0.615 0.462 0.833 0.667 0.333 0.0 0.0 0.889
MattGarza P 3 0.61 0.415 0.688 0.412 0.758 0.667 0.333 0.0 0.0 0.897
HectorGomez 2B 3 0.52 0.37 0.55 0.471 0.818 0.667 0.333 0.0 0.0 0.944
CalebGindl RF 3 0.61 0.182 0.657 0.8 0.957 1.0 0.0 0.0 0.0 1.0
MarcoEstrada P 3 0.6 0.171 0.566 0.667 0.907 1.0 0.0 0.0 0.0 1.0
MartinMaldonado 1B 26 0.63 0.262 0.587 0.621 0.849 0.654 0.192 0.0 0.154 0.978
LoganSchafer CF 21 0.68 0.318 0.639 0.694 0.891 0.524 0.429 0.048 0.0 1.0
JonathanLucroy 1B 176 0.79 0.278 0.585 0.804 0.921 0.614 0.301 0.011 0.074 0.996
CarlosGomez CF 163 0.68 0.397 0.823 0.607 0.844 0.626 0.209 0.025 0.141 0.986
RyanBraun CF 141 0.72 0.39 0.675 0.691 0.864 0.61 0.213 0.043 0.135 0.993
AramisRamirez 3B 141 0.79 0.395 0.794 0.684 0.877 0.723 0.163 0.007 0.106 0.963
ScooterGennett 2B 127 0.81 0.401 0.733 0.75 0.926 0.661 0.244 0.024 0.071 0.981
JeanSegura SS 126 0.82 0.368 0.618 0.771 0.925 0.802 0.111 0.048 0.04 0.975
KhrisDavis LF 122 0.7 0.309 0.744 0.527 0.817 0.5 0.303 0.016 0.18 0.988
JeffBianchi 2B 12 0.73 0.399 0.69 0.546 0.865 0.917 0.083 0.0 0.0 0.975
JasonRogers 1B 1 0.8 0.429 0.706 0.667 0.917 0.0 1.0 0.0 0.0 0.923
MikeFiers P 1 0.58 0.528 0.628 0.474 0.75 1.0 0.0 0.0 0.0 0.933
AlfredoFigaro P 0 1.0 0.0 0.5 0.0 1.0 0.0 0.0 0.0 0.0 1.0
TylerThornburg P 0 0.5 0.25 0.75 0.0 1.0 0.0 0.0 0.0 0.0 1.0
ZachDuke P 0 0.5 1.0 0.0 0.5 0.0 0.0 0.0 0.0 0.0 1.0
MattPagnozzi C 0 0.0 0.0 0.0 0.0 0.0 0.0 0.0 0.0 0.0 1.0
TomGorzelanny P 0 0.0 1.0 0.0 0.0 0.0 0.0 0.0 0.0 0.0 0.833