EricFornataro 8 P 0.481 0.81 92.8 0.0 0.0 0.0 0.0 0.177 78.1 0.013 83.0 0.0 0.0 0.0 0.0
SethManess 73 P 0.483 0.718 89.6 0.094 82.6 0.0 0.0 0.019 78.7 0.17 83.7 0.0 0.0 0.0 0.0
TrevorRosenthal 72 P 0.478 0.776 96.8 0.0 0.0 0.011 87.7 0.045 79.6 0.168 86.5 0.0 0.0 0.0 0.0
PatNeshek 71 P 0.547 0.526 90.3 0.34 82.8 0.0 0.0 0.0 0.0 0.135 70.1 0.0 0.0 0.0 0.0
JaimeGarcia 7 P 0.45 0.593 90.6 0.0 0.0 0.178 82.1 0.065 72.5 0.165 82.5 0.0 0.0 0.0 0.0
RandyChoate 61 P 0.464 0.692 84.5 0.308 74.9 0.0 0.0 0.0 0.0 0.0 0.0 0.0 0.0 0.0 0.0
CarlosMartinez 57 P 0.435 0.642 96.7 0.266 85.8 0.0 0.0 0.0 0.0 0.093 88.4 0.0 0.0 0.0 0.0
SamFreeman 44 P 0.442 0.63 93.5 0.102 80.5 0.0 0.0 0.0 0.0 0.268 84.8 0.0 0.0 0.0 0.0
KevinSiegrist 37 P 0.468 0.872 94.2 0.081 80.4 0.0 0.0 0.0 0.0 0.047 84.8 0.0 0.0 0.0 0.0
LanceLynn 33 P 0.435 0.79 92.4 0.102 87.7 0.0 0.0 0.084 79.4 0.024 85.1 0.0 0.0 0.0 0.0
AdamWainwright 32 P 0.454 0.407 90.2 0.0 0.0 0.298 86.4 0.276 74.4 0.019 82.7 0.0 0.0 0.0 0.0
ShelbyMiller 32 P 0.493 0.723 93.5 0.0 0.0 0.062 87.0 0.193 77.0 0.022 85.9 0.0 0.0 0.0 0.0
JasonMotte 29 P 0.479 0.59 93.9 0.0 0.0 0.388 89.0 0.0 0.0 0.022 84.3 0.0 0.0 0.0 0.0
KeithButler 2 P 0.37 0.574 87.5 0.0 0.0 0.0 0.0 0.296 73.3 0.13 76.7 0.0 0.0 0.0 0.0
SamuelTuivailala 2 P 0.585 0.714 96.9 0.0 0.0 0.0 0.0 0.286 80.2 0.0 0.0 0.0 0.0 0.0 0.0
NickGreenwood 19 P 0.509 0.612 88.4 0.132 79.0 0.0 0.0 0.027 72.6 0.229 81.7 0.0 0.0 0.0 0.0
MichaelWacha 19 P 0.495 0.582 93.2 0.0 0.0 0.104 89.7 0.126 74.6 0.188 86.0 0.0 0.0 0.0 0.0
TylerLyons 11 P 0.549 0.605 89.7 0.247 81.0 0.0 0.0 0.053 74.4 0.095 82.0 0.0 0.0 0.0 0.0
MarcoGonzales 10 P 0.407 0.575 89.5 0.056 84.0 0.0 0.0 0.097 74.5 0.272 78.4 0.0 0.0 0.0 0.0
JorgeRondon 1 P 0.4 0.8 95.7 0.2 86.0 0.0 0.0 0.0 0.0 0.0 0.0 0.0 0.0 0.0 0.0
DanielDescalso 1 P 0.5 1.0 85.0 0.0 0.0 0.0 0.0 0.0 0.0 0.0 0.0 0.0 0.0 0.0 0.0