ShelbyMiller P 9 0.57 0.217 0.5 0.2 0.839 0.444 0.556 0.0 0.0 0.963
ShaneRobinson CF 9 0.76 0.305 0.647 0.639 0.883 0.778 0.111 0.111 0.0 1.0
PeteKozma 2B 7 0.73 0.289 0.509 0.533 1.0 0.571 0.429 0.0 0.0 1.0
PeterBourjos CF 61 0.65 0.289 0.677 0.523 0.877 0.705 0.148 0.082 0.066 0.99
OscarTaveras CF 56 0.8 0.345 0.659 0.865 0.908 0.804 0.143 0.0 0.054 0.99
LanceLynn P 4 0.43 0.325 0.526 0.463 0.743 0.75 0.25 0.0 0.0 0.973
DanielDescalso 1B 39 0.7 0.267 0.662 0.62 0.908 0.718 0.282 0.0 0.0 0.986
MarkEllis 1B 32 0.72 0.316 0.574 0.768 0.939 0.813 0.188 0.0 0.0 1.0
MarcoGonzales P 3 0.83 0.286 0.722 0.5 0.769 0.333 0.667 0.0 0.0 1.0
XavierScruggs 1B 3 0.44 0.296 0.636 0.539 0.714 0.667 0.333 0.0 0.0 0.97
JaimeGarcia P 3 0.81 0.211 0.68 0.75 0.824 1.0 0.0 0.0 0.0 1.0
CarlosMartinez P 3 0.69 0.45 0.65 0.333 0.769 1.0 0.0 0.0 0.0 0.971
RandalGrichuk CF 27 0.69 0.333 0.729 0.595 0.765 0.63 0.222 0.037 0.111 0.97
TonyCruz 1B 27 0.73 0.359 0.647 0.705 0.921 0.778 0.185 0.0 0.037 0.997
GregGarcia 2B 2 0.44 0.139 0.688 0.2 0.773 0.5 0.5 0.0 0.0 1.0
SethManess P 2 1.0 0.385 0.909 0.6 1.0 1.0 0.0 0.0 0.0 0.938
JohnLackey P 2 0.74 0.385 0.516 0.5 0.938 1.0 0.0 0.0 0.0 0.9
MattCarpenter 3B 162 0.7 0.193 0.494 0.795 0.948 0.735 0.204 0.012 0.049 0.959
MattHolliday LF 156 0.71 0.311 0.75 0.704 0.893 0.635 0.237 0.0 0.128 0.972
MattAdams 1B 152 0.75 0.422 0.693 0.69 0.906 0.645 0.224 0.033 0.099 0.993
JhonnyPeralta SS 147 0.72 0.302 0.745 0.618 0.862 0.599 0.259 0.0 0.143 0.981
AdamWainwright P 13 0.7 0.434 0.617 0.581 0.878 0.769 0.231 0.0 0.0 0.98
JonJay CF 125 0.73 0.342 0.682 0.719 0.911 0.824 0.128 0.024 0.024 0.995
YadierMolina 1B 114 0.8 0.345 0.684 0.793 0.903 0.754 0.184 0.0 0.061 0.998
KoltenWong 2B 100 0.78 0.327 0.658 0.726 0.897 0.71 0.14 0.03 0.12 0.975
MichaelWacha P 1 0.44 0.157 0.507 0.375 0.73 1.0 0.0 0.0 0.0 1.0
NickGreenwood P 0 1.0 0.333 0.556 1.0 1.0 0.0 0.0 0.0 0.0 1.0
JoeyButler RF 0 0.33 0.308 0.833 0.25 0.8 0.0 0.0 0.0 0.0 1.0
TylerLyons P 0 0.22 0.125 0.522 0.667 0.75 0.0 0.0 0.0 0.0 0.8
ThomasPham LF 0 0.0 0.333 0.8 0.5 0.75 0.0 0.0 0.0 0.0 1.0
AudryPerez NOPOSITION 0 0.0 0.2 1.0 0.0 1.0 0.0 0.0 0.0 0.0 0.0
TrevorRosenthal P 0 0.0 0.333 0.5 0.0 0.0 0.0 0.0 0.0 0.0 0.917