JustinGrimm 73 P 0.438 0.674 94.0 0.145 84.0 0.0 0.0 0.181 80.4 0.0 0.0 0.0 0.0 0.0 0.0
PedroStrop 65 P 0.448 0.603 95.0 0.376 82.6 0.0 0.0 0.0 0.0 0.007 89.0 0.014 88.4 0.0 0.0
HectorRondon 64 P 0.5 0.738 95.7 0.165 83.5 0.093 91.2 0.0 0.0 0.004 88.5 0.0 0.0 0.0 0.0
BrianSchlitter 61 P 0.431 0.866 92.7 0.13 83.7 0.0 0.0 0.0 0.0 0.005 87.3 0.0 0.0 0.0 0.0
WesleyWright 58 P 0.427 0.526 90.2 0.151 83.9 0.0 0.0 0.228 78.8 0.096 84.5 0.0 0.0 0.0 0.0
NeilRamirez 50 P 0.469 0.72 94.3 0.174 86.9 0.0 0.0 0.106 79.2 0.0 0.0 0.0 0.0 0.0 0.0
ArodysVizcaino 5 P 0.469 0.742 95.2 0.0 0.0 0.0 0.0 0.217 83.0 0.041 87.0 0.0 0.0 0.0 0.0
CarlosVillanueva 42 P 0.442 0.474 89.1 0.188 83.7 0.0 0.0 0.158 75.5 0.18 81.2 0.0 0.0 0.0 0.0
ChrisRusin 4 P 0.472 0.523 88.3 0.073 80.9 0.306 85.9 0.047 78.0 0.052 79.2 0.0 0.0 0.0 0.0
EricJokisch 4 P 0.42 0.582 89.3 0.084 84.2 0.0 0.0 0.06 74.2 0.273 79.3 0.0 0.0 0.0 0.0
TravisWood 31 P 0.47 0.528 88.3 0.073 79.2 0.287 85.3 0.037 71.8 0.075 79.2 0.0 0.0 0.0 0.0
EdwinJackson 28 P 0.443 0.597 92.7 0.27 85.7 0.002 92.2 0.081 79.0 0.05 86.0 0.0 0.0 0.0 0.0
JakeArrieta 25 P 0.439 0.475 93.5 0.008 87.6 0.283 89.4 0.178 79.1 0.056 87.1 0.0 0.0 0.0 0.0
DallasBeeler 2 P 0.459 0.462 89.8 0.0 0.0 0.326 88.2 0.141 79.0 0.0 0.0 0.071 85.4 0.0 0.0
BlakeParker 18 P 0.49 0.688 90.5 0.0 0.0 0.0 0.0 0.237 76.2 0.0 0.0 0.075 81.4 0.0 0.0
ZacRosscup 18 P 0.368 0.77 92.0 0.23 82.2 0.0 0.0 0.0 0.0 0.0 0.0 0.0 0.0 0.0 0.0
KyujiFujikawa 15 P 0.429 0.549 90.8 0.0 0.0 0.204 88.8 0.044 74.9 0.0 0.0 0.204 81.7 0.0 0.0
KyleHendricks 13 P 0.437 0.613 87.9 0.0 0.0 0.124 84.9 0.08 76.3 0.183 78.6 0.0 0.0 0.0 0.0
TsuyoshiWada 13 P 0.478 0.586 88.9 0.203 81.0 0.0 0.0 0.039 72.6 0.173 81.3 0.0 0.0 0.0 0.0
JohnBaker 1 P 0.333 0.909 77.0 0.091 67.0 0.0 0.0 0.0 0.0 0.0 0.0 0.0 0.0 0.0 0.0