WelingtonCastillo C 90 0.68 0.3 0.614 0.579 0.892 0.644 0.211 0.0 0.144 0.993
JakeArrieta P 7 0.62 0.266 0.591 0.429 0.75 0.571 0.286 0.143 0.0 0.949
EdwinJackson P 7 0.52 0.324 0.533 0.318 0.75 0.714 0.286 0.0 0.0 0.97
JuniorLake CF 65 0.62 0.419 0.771 0.423 0.747 0.662 0.154 0.046 0.138 0.959
JustinRuggiano CF 63 0.64 0.317 0.718 0.459 0.802 0.683 0.206 0.016 0.095 1.0
JeffSamardzija P 6 0.74 0.38 0.803 0.526 0.755 0.5 0.5 0.0 0.0 0.93
ArismendyAlcantara 2B 57 0.63 0.346 0.576 0.568 0.822 0.596 0.193 0.035 0.175 0.958
RyanSweeney CF 52 0.78 0.277 0.603 0.771 0.954 0.769 0.173 0.0 0.058 0.979
MikeOlt 1B 36 0.5 0.227 0.619 0.438 0.752 0.444 0.222 0.0 0.333 0.929
JavierBaez 2B 36 0.52 0.41 0.587 0.421 0.775 0.583 0.167 0.0 0.25 0.964
JohnBaker C 35 0.62 0.258 0.706 0.609 0.844 0.8 0.2 0.0 0.0 0.996
RyanKalish CF 30 0.72 0.243 0.725 0.576 0.864 0.733 0.133 0.133 0.0 0.95
EliWhiteside C 3 0.69 0.4 0.735 0.625 0.694 0.667 0.333 0.0 0.0 1.0
KyleHendricks P 3 0.53 0.222 0.567 0.667 0.912 1.0 0.0 0.0 0.0 1.0
ChrisValaika 1B 28 0.66 0.384 0.695 0.624 0.929 0.75 0.143 0.0 0.107 0.982
JorgeSoler RF 26 0.69 0.32 0.641 0.591 0.81 0.462 0.308 0.038 0.192 0.958
RafaelLopez C 2 0.57 0.517 0.769 0.533 0.9 1.0 0.0 0.0 0.0 1.0
LoganWatkins 2B 16 0.74 0.377 0.713 0.587 0.817 0.75 0.188 0.0 0.063 0.908
StarlinCastro SS 154 0.76 0.315 0.65 0.672 0.881 0.688 0.214 0.006 0.091 0.973
AnthonyRizzo 1B 150 0.67 0.325 0.621 0.661 0.901 0.593 0.187 0.007 0.213 0.993
MattSzczur CF 14 0.77 0.25 0.7 0.667 0.883 0.714 0.143 0.0 0.143 1.0
TravisWood P 13 0.7 0.471 0.72 0.51 0.881 0.615 0.154 0.0 0.231 1.0
LuisValbuena 2B 119 0.67 0.276 0.667 0.623 0.866 0.555 0.277 0.034 0.134 0.969
ChrisCoghlan LF 109 0.72 0.28 0.67 0.668 0.896 0.615 0.257 0.046 0.083 0.977
BrianSchlitter P 1 1.0 0.0 1.0 0.0 1.0 1.0 0.0 0.0 0.0 1.0
TsuyoshiWada P 1 0.54 0.24 0.435 0.5 0.95 1.0 0.0 0.0 0.0 1.0
DallasBeeler P 1 0.5 0.6 0.333 0.667 1.0 1.0 0.0 0.0 0.0 1.0
FelixDoubront P 1 0.25 0.313 0.769 0.2 0.7 1.0 0.0 0.0 0.0 0.933
EricJokisch P 0 0.8 0.429 0.333 1.0 1.0 0.0 0.0 0.0 0.0 1.0
ChrisRusin P 0 0.67 0.667 0.5 0.5 1.0 0.0 0.0 0.0 0.0 1.0
CarlosVillanueva P 0 0.54 0.6 0.52 0.333 0.692 0.0 0.0 0.0 0.0 1.0
DanStraily P 0 0.0 0.0 0.2 0.0 0.0 0.0 0.0 0.0 0.0 1.0
JustinGrimm P 0 0.0 0.4 0.75 0.0 0.667 0.0 0.0 0.0 0.0 1.0