OliverPerez 68 P 0.46 0.63 91.3 0.37 79.1 0.0 0.0 0.0 0.0 0.0 0.0 0.0 0.0 0.0 0.0
BradZiegler 68 P 0.372 0.63 84.6 0.18 72.7 0.0 0.0 0.0 0.0 0.19 77.1 0.0 0.0 0.0 0.0
AddisonReed 62 P 0.486 0.75 92.4 0.244 85.5 0.0 0.0 0.0 0.0 0.006 85.3 0.0 0.0 0.0 0.0
RyanRowland-Smith 6 P 0.493 0.645 87.9 0.116 80.5 0.0 0.0 0.217 73.8 0.022 80.0 0.0 0.0 0.0 0.0
ZekeSpruill 6 P 0.511 0.652 91.9 0.129 82.5 0.0 0.0 0.194 77.1 0.025 85.1 0.0 0.0 0.0 0.0
EvanMarshall 57 P 0.364 0.624 93.9 0.0 0.0 0.0 0.0 0.163 85.4 0.213 85.7 0.0 0.0 0.0 0.0
RandallDelgado 47 P 0.387 0.63 93.2 0.099 83.8 0.0 0.0 0.068 78.3 0.203 84.6 0.0 0.0 0.0 0.0
BoSchultz 4 P 0.508 0.656 95.3 0.216 85.2 0.0 0.0 0.0 0.0 0.128 84.7 0.0 0.0 0.0 0.0
MattStites 37 P 0.442 0.694 95.8 0.255 86.0 0.0 0.0 0.0 0.0 0.051 86.7 0.0 0.0 0.0 0.0
JoshCollmenter 33 P 0.424 0.702 86.0 0.0 0.0 0.0 0.0 0.067 72.3 0.231 78.5 0.0 0.0 0.0 0.0
WadeMiley 33 P 0.431 0.612 91.2 0.258 85.4 0.0 0.0 0.018 77.6 0.112 82.6 0.0 0.0 0.0 0.0
TrevorCahill 32 P 0.367 0.633 90.0 0.028 86.1 0.0 0.0 0.152 78.4 0.188 81.4 0.0 0.0 0.0 0.0
JoePaterson 3 P 0.333 0.647 83.0 0.353 72.3 0.0 0.0 0.0 0.0 0.0 0.0 0.0 0.0 0.0 0.0
DanielHudson 3 P 0.542 0.674 95.0 0.041 88.0 0.0 0.0 0.0 0.0 0.286 84.8 0.0 0.0 0.0 0.0
AndrewChafin 3 P 0.444 0.685 90.7 0.183 80.0 0.0 0.0 0.0 0.0 0.132 82.0 0.0 0.0 0.0 0.0
WillHarris 29 P 0.443 0.715 91.7 0.0 0.0 0.0 0.0 0.254 79.6 0.032 83.0 0.0 0.0 0.0 0.0
EuryDelaRosa 25 P 0.434 0.406 88.6 0.34 84.4 0.0 0.0 0.131 73.7 0.124 77.1 0.0 0.0 0.0 0.0
ChaseAnderson 21 P 0.447 0.612 91.0 0.0 0.0 0.0 0.0 0.189 77.1 0.199 81.2 0.0 0.0 0.0 0.0
BradinHagens 2 P 0.255 0.255 88.9 0.0 0.0 0.529 87.0 0.157 78.6 0.059 83.0 0.0 0.0 0.0 0.0
J.J.Putz 18 P 0.465 0.615 89.6 0.016 86.0 0.0 0.0 0.0 0.0 0.0 0.0 0.37 84.6 0.0 0.0
BronsonArroyo 14 P 0.457 0.474 85.4 0.217 74.8 0.0 0.0 0.132 71.1 0.177 77.9 0.0 0.0 0.0 0.0
MikeBolsinger 10 P 0.506 0.665 87.9 0.0 0.0 0.0 0.0 0.326 79.4 0.01 84.1 0.0 0.0 0.0 0.0