DavidPeralta CF 94 0.78 0.383 0.654 0.656 0.906 0.691 0.128 0.096 0.085 0.988
WadeMiley P 9 0.75 0.319 0.575 0.75 0.928 1.0 0.0 0.0 0.0 0.919
ChrisOwings 2B 81 0.74 0.377 0.65 0.679 0.893 0.667 0.185 0.074 0.074 0.957
A.J.Pollock CF 80 0.77 0.293 0.595 0.654 0.936 0.6 0.238 0.075 0.088 0.994
RogerKieschnick LF 8 0.61 0.4 0.73 0.583 0.739 0.75 0.125 0.0 0.125 0.875
MarkTrumbo 1B 77 0.67 0.354 0.7 0.562 0.828 0.61 0.195 0.013 0.182 0.992
DidiGregorius 2B 61 0.74 0.331 0.665 0.692 0.851 0.672 0.148 0.082 0.098 0.983
NickEvans 1B 6 0.52 0.383 0.636 0.478 0.762 0.333 0.333 0.0 0.333 1.0
JoshCollmenter P 6 0.69 0.253 0.514 0.522 0.842 0.667 0.333 0.0 0.0 1.0
BronsonArroyo P 6 0.61 0.286 0.558 0.357 0.862 1.0 0.0 0.0 0.0 0.96
CodyRoss LF 51 0.73 0.282 0.629 0.748 0.876 0.804 0.157 0.0 0.039 0.949
CliffPennington 2B 45 0.71 0.246 0.659 0.709 0.912 0.778 0.111 0.067 0.044 0.975
BrandonMcCarthy P 4 0.66 0.264 0.484 0.714 0.833 1.0 0.0 0.0 0.0 1.0
AndyMarte 3B 3 0.81 0.318 0.839 0.286 0.923 0.667 0.0 0.0 0.333 1.0
TuffyGosewisch C 29 0.8 0.371 0.662 0.758 0.909 0.69 0.276 0.0 0.034 0.996
JakeLamb 3B 29 0.68 0.259 0.753 0.58 0.806 0.69 0.138 0.034 0.138 0.987
TrevorCahill P 2 0.79 0.245 0.576 0.917 0.882 0.5 0.5 0.0 0.0 0.944
MikeBolsinger P 2 0.65 0.429 0.571 0.533 0.813 1.0 0.0 0.0 0.0 1.0
XavierPaul LF 2 0.57 0.39 0.645 0.375 0.7 1.0 0.0 0.0 0.0 1.0
AlfredoMarte LF 18 0.64 0.325 0.722 0.533 0.766 0.556 0.278 0.056 0.111 0.973
EricChavez 3B 17 0.63 0.29 0.643 0.625 0.812 0.588 0.176 0.059 0.176 1.0
NickAhmed 2B 14 0.83 0.342 0.633 0.595 0.938 0.786 0.143 0.0 0.071 0.97
PaulGoldschmidt 1B 122 0.63 0.251 0.586 0.663 0.817 0.516 0.32 0.008 0.156 0.993
AaronHill 2B 122 0.77 0.304 0.627 0.699 0.922 0.68 0.213 0.025 0.082 0.988
MiguelMontero C 119 0.71 0.296 0.755 0.683 0.865 0.697 0.193 0.0 0.109 0.988
EnderInciarte CF 116 0.83 0.359 0.637 0.779 0.955 0.793 0.155 0.017 0.034 0.99
ZekeSpruill P 1 0.8 0.0 0.539 0.0 0.714 0.0 1.0 0.0 0.0 0.667
BobbyWilson C 1 1.0 0.333 0.778 1.0 0.857 1.0 0.0 0.0 0.0 1.0
VidalNuno P 1 0.64 0.548 0.765 0.647 0.808 1.0 0.0 0.0 0.0 1.0
RandallDelgado P 1 0.64 0.333 0.524 0.4 0.727 1.0 0.0 0.0 0.0 0.938
ChaseAnderson P 1 0.63 0.288 0.617 0.632 0.838 1.0 0.0 0.0 0.0 0.962
AndrewChafin P 1 0.5 0.75 0.667 0.0 1.0 1.0 0.0 0.0 0.0 1.0
BoSchultz P 0 1.0 0.0 0.667 0.0 1.0 0.0 0.0 0.0 0.0 1.0
BrettJackson CF 0 0.6 0.286 0.571 0.5 0.5 0.0 0.0 0.0 0.0 1.0
EuryDelaRosa P 0 0.33 0.667 0.667 0.5 0.5 0.0 0.0 0.0 0.0 1.0
RyanRowland-Smith P 0 0.0 0.0 0.0 0.0 0.0 0.0 0.0 0.0 0.0 0.0
BradZiegler P 0 0.0 1.0 0.5 0.0 0.0 0.0 0.0 0.0 0.0 0.917