JustinTurner 1B 98 0.72 0.269 0.68 0.783 0.879 0.704 0.214 0.01 0.071 0.961
AndreEthier 1B 85 0.71 0.306 0.691 0.669 0.88 0.682 0.2 0.071 0.047 0.992
TimFederowicz C 8 0.72 0.336 0.648 0.548 0.883 0.5 0.375 0.0 0.125 0.983
ErisbelArruebarrena SS 8 0.56 0.316 0.743 0.387 0.75 0.875 0.125 0.0 0.0 0.93
JoshBeckett P 7 0.65 0.217 0.54 0.722 0.851 0.571 0.429 0.0 0.0 0.889
Hyun-JinRyu P 7 0.68 0.221 0.757 0.571 0.738 0.714 0.286 0.0 0.0 0.97
ScottVanSlyke 1B 63 0.58 0.246 0.68 0.602 0.812 0.603 0.206 0.016 0.175 0.957
A.J.Ellis C 54 0.67 0.216 0.546 0.7 0.908 0.778 0.167 0.0 0.056 0.995
MiguelOlivo C 5 0.48 0.477 0.676 0.333 0.72 0.8 0.0 0.2 0.0 0.981
JocPederson CF 4 0.47 0.219 0.6 0.565 0.778 1.0 0.0 0.0 0.0 1.0
DrewButera 1B 32 0.69 0.261 0.649 0.716 0.854 0.688 0.188 0.031 0.094 1.0
ClintRobinson 1B 3 0.8 0.333 0.667 0.667 1.0 1.0 0.0 0.0 0.0 1.0
MiguelRojas 2B 27 0.75 0.338 0.625 0.768 0.959 0.852 0.111 0.0 0.037 0.973
CarlosTriunfel SS 2 0.63 0.474 0.613 0.611 0.684 0.5 0.0 0.0 0.5 0.889
DeeGordon 2B 176 0.78 0.329 0.566 0.793 0.92 0.784 0.136 0.068 0.011 0.981
YasielPuig CF 165 0.68 0.302 0.748 0.591 0.843 0.624 0.224 0.055 0.097 0.994
AdrianGonzalez 1B 163 0.74 0.366 0.746 0.704 0.874 0.583 0.252 0.0 0.166 0.995
MattKemp CF 155 0.67 0.323 0.69 0.531 0.811 0.574 0.245 0.019 0.161 0.98
ChoneFiggins 2B 13 0.61 0.19 0.443 0.75 0.902 0.769 0.231 0.0 0.0 0.958
HanleyRamirez SS 127 0.71 0.319 0.704 0.693 0.901 0.622 0.276 0.0 0.102 0.963
JuanUribe 3B 120 0.77 0.43 0.773 0.62 0.899 0.733 0.192 0.0 0.075 0.979
ZackGreinke P 12 0.77 0.265 0.646 0.625 0.902 0.417 0.5 0.0 0.083 0.983
ClaytonKershaw P 11 0.62 0.274 0.576 0.568 0.813 0.909 0.0 0.091 0.0 0.951
CarlCrawford LF 103 0.79 0.379 0.78 0.754 0.889 0.757 0.136 0.029 0.078 0.978
DanHaren P 10 0.62 0.257 0.635 0.643 0.822 0.9 0.1 0.0 0.0 0.974
JamieRomak 1B 1 0.57 0.238 0.667 0.4 0.769 0.0 1.0 0.0 0.0 1.0
AlexGuerrero LF 1 0.54 0.581 0.857 0.444 0.667 1.0 0.0 0.0 0.0 1.0
YimiGarcia P 0 1.0 0.0 0.667 0.0 1.0 0.0 0.0 0.0 0.0 1.0
StephenFife P 0 0.67 0.167 0.833 1.0 0.4 0.0 0.0 0.0 0.0 1.0
MikeBaxter LF 0 0.63 0.235 0.688 1.0 0.818 0.0 0.0 0.0 0.0 1.0
BrandonLeague P 0 0.5 0.667 0.75 0.5 0.667 0.0 0.0 0.0 0.0 0.813
JameyWright P 0 0.5 0.533 0.917 0.375 0.818 0.0 0.0 0.0 0.0 1.0
PaulMaholm P 0 0.5 0.226 0.625 0.143 0.85 0.0 0.0 0.0 0.0 0.944
CarlosFrias P 0 0.43 0.273 0.813 0.333 0.615 0.0 0.0 0.0 0.0 1.0
KenleyJansen P 0 0.0 0.5 1.0 0.0 1.0 0.0 0.0 0.0 0.0 0.889
ChrisPerez P 0 0.0 0.5 0.333 1.0 1.0 0.0 0.0 0.0 0.0 1.0
JoseDominguez P 0 0.0 0.0 0.333 0.0 0.0 0.0 0.0 0.0 0.0 1.0