YimiGarcia 8 P 0.508 0.657 91.7 0.313 80.5 0.0 0.0 0.0 0.0 0.03 85.8 0.0 0.0 0.0 0.0
ScottElbert 7 P 0.456 0.544 88.8 0.456 83.8 0.0 0.0 0.0 0.0 0.0 0.0 0.0 0.0 0.0 0.0
KenleyJansen 68 P 0.545 0.941 93.7 0.059 83.1 0.0 0.0 0.0 0.0 0.0 0.0 0.0 0.0 0.0 0.0
J.P.Howell 68 P 0.373 0.68 86.2 0.0 0.0 0.0 0.0 0.311 78.8 0.009 79.7 0.0 0.0 0.0 0.0
BrandonLeague 63 P 0.385 0.784 93.8 0.049 87.0 0.0 0.0 0.0 0.0 0.0 0.0 0.167 85.5 0.0 0.0
JameyWright 61 P 0.512 0.251 90.6 0.032 82.5 0.42 87.9 0.2 78.2 0.096 83.3 0.0 0.0 0.0 0.0
BrianWilson 61 P 0.372 0.338 92.1 0.018 79.7 0.569 88.4 0.07 75.1 0.005 81.6 0.0 0.0 0.0 0.0
JoseDominguez 5 P 0.469 0.713 96.9 0.248 84.6 0.0 0.0 0.0 0.0 0.04 85.8 0.0 0.0 0.0 0.0
DanielCoulombe 5 P 0.455 0.405 91.2 0.253 85.1 0.0 0.0 0.228 80.3 0.114 83.7 0.0 0.0 0.0 0.0
ChrisPerez 49 P 0.45 0.716 94.3 0.248 83.4 0.0 0.0 0.0 0.0 0.036 88.8 0.0 0.0 0.0 0.0
DanHaren 32 P 0.431 0.349 87.7 0.0 0.0 0.395 84.7 0.099 77.4 0.0 0.0 0.157 82.1 0.0 0.0
ZackGreinke 32 P 0.42 0.538 91.9 0.194 84.9 0.0 0.0 0.104 71.9 0.165 87.2 0.0 0.0 0.0 0.0
PaulMaholm 30 P 0.417 0.522 87.2 0.213 81.2 0.0 0.0 0.159 71.1 0.107 80.3 0.0 0.0 0.0 0.0
ClaytonKershaw 27 P 0.5 0.554 93.0 0.294 87.6 0.0 0.0 0.143 74.1 0.009 88.0 0.0 0.0 0.0 0.0
Hyun-JinRyu 26 P 0.449 0.523 90.9 0.158 84.4 0.0 0.0 0.132 72.5 0.188 82.1 0.0 0.0 0.0 0.0
JoshBeckett 20 P 0.447 0.357 91.9 0.0 0.0 0.169 89.8 0.308 73.2 0.166 85.5 0.0 0.0 0.0 0.0
PedroBaez 20 P 0.519 0.81 95.3 0.115 87.3 0.0 0.0 0.0 0.0 0.075 88.0 0.0 0.0 0.0 0.0
ChrisWithrow 20 P 0.442 0.543 95.0 0.36 90.7 0.0 0.0 0.086 78.9 0.01 87.5 0.0 0.0 0.0 0.0
DrewButera 2 P 0.6 0.577 86.5 0.0 0.0 0.0 0.0 0.0 0.0 0.423 78.9 0.0 0.0 0.0 0.0
PacoRodriguez 19 P 0.434 0.323 87.8 0.302 80.0 0.353 86.2 0.0 0.0 0.021 83.0 0.0 0.0 0.0 0.0
CarlosFrias 15 P 0.474 0.59 94.4 0.0 0.0 0.273 89.7 0.056 80.0 0.081 87.9 0.0 0.0 0.0 0.0
StephenFife 1 P 0.567 0.286 89.3 0.086 85.9 0.0 0.0 0.295 77.9 0.333 84.7 0.0 0.0 0.0 0.0
RedPatterson 1 P 0.447 0.586 87.4 0.069 81.3 0.0 0.0 0.115 75.4 0.23 78.7 0.0 0.0 0.0 0.0