JoePanik 2B 82 0.83 0.279 0.641 0.746 0.92 0.841 0.122 0.024 0.012 0.975
RyanVogelsong P 7 0.65 0.316 0.579 0.676 0.786 0.714 0.286 0.0 0.0 0.938
BrandonBelt 1B 52 0.64 0.337 0.778 0.563 0.83 0.615 0.154 0.0 0.231 0.993
JoaquinArias 1B 49 0.85 0.41 0.694 0.811 0.913 0.816 0.184 0.0 0.0 0.979
MattCain P 4 0.47 0.352 0.544 0.474 0.64 1.0 0.0 0.0 0.0 0.923
BrandonHicks 1B 33 0.54 0.261 0.743 0.404 0.713 0.545 0.182 0.03 0.242 0.983
HectorSanchez 1B 32 0.63 0.471 0.848 0.571 0.842 0.656 0.25 0.0 0.094 0.99
TylerColvin CF 31 0.64 0.328 0.685 0.486 0.83 0.516 0.323 0.097 0.065 0.981
GaryBrown CF 3 1.0 0.667 0.636 1.0 1.0 1.0 0.0 0.0 0.0 1.0
TimLincecum P 3 0.43 0.189 0.569 0.458 0.788 1.0 0.0 0.0 0.0 0.958
AndrewSusac C 24 0.63 0.225 0.789 0.537 0.804 0.542 0.333 0.0 0.125 1.0
EhireAdrianza 2B 23 0.74 0.335 0.738 0.667 0.887 0.739 0.261 0.0 0.0 0.975
TimHudson P 2 0.63 0.313 0.595 0.571 0.84 1.0 0.0 0.0 0.0 0.944
HunterPence CF 180 0.74 0.359 0.652 0.677 0.839 0.672 0.161 0.056 0.111 0.985
BusterPosey 1B 170 0.8 0.303 0.641 0.783 0.91 0.694 0.165 0.012 0.129 0.994
JuanPerez CF 17 0.71 0.332 0.659 0.607 0.915 0.529 0.412 0.0 0.059 1.0
MadisonBumgarner P 17 0.59 0.388 0.707 0.442 0.768 0.647 0.118 0.0 0.235 0.944
PabloSandoval 3B 164 0.8 0.481 0.802 0.798 0.899 0.726 0.159 0.018 0.098 0.971
MattDuffy 2B 16 0.73 0.361 0.644 0.641 0.892 0.875 0.125 0.0 0.0 0.962
AdamDuvall 1B 14 0.69 0.421 0.752 0.641 0.864 0.643 0.143 0.0 0.214 0.994
MichaelMorse 1B 122 0.67 0.39 0.745 0.64 0.836 0.582 0.262 0.025 0.131 0.982
BrandonCrawford SS 121 0.66 0.294 0.716 0.554 0.835 0.669 0.165 0.083 0.083 0.967
AngelPagan CF 115 0.81 0.299 0.625 0.784 0.933 0.774 0.183 0.017 0.026 0.995
GregorBlanco CF 102 0.73 0.269 0.678 0.673 0.885 0.716 0.176 0.059 0.049 1.0
ChrisDominguez 3B 1 0.72 0.405 0.739 0.533 0.882 0.0 0.0 0.0 1.0 1.0
MarcoScutaro 2B 1 0.69 0.188 0.5 0.833 1.0 1.0 0.0 0.0 0.0 1.0
YusmeiroPetit P 1 0.48 0.357 0.455 0.467 0.92 1.0 0.0 0.0 0.0 0.857
DavidHuff P 1 0.33 0.6 0.4 0.0 1.0 1.0 0.0 0.0 0.0 0.938
SantiagoCasilla P 0 1.0 0.0 0.75 0.0 1.0 0.0 0.0 0.0 0.0 0.923
JeanMachi P 0 1.0 1.0 1.0 1.0 1.0 0.0 0.0 0.0 0.0 0.909
TonyAbreu 2B 0 1.0 0.25 0.714 0.333 0.8 0.0 0.0 0.0 0.0 1.0
GuillermoQuiroz C 0 1.0 0.5 0.714 1.0 0.8 0.0 0.0 0.0 0.0 1.0
GeorgeKontos P 0 1.0 0.0 0.5 0.0 1.0 0.0 0.0 0.0 0.0 1.0
JakePeavy P 0 0.42 0.524 0.619 0.273 0.692 0.0 0.0 0.0 0.0 0.96
JuanGutierrez P 0 0.0 1.0 0.5 0.0 0.0 0.0 0.0 0.0 0.0 1.0
ChrisHeston P 0 0.0 0.333 0.5 1.0 0.0 0.0 0.0 0.0 0.0 0.0