HunterStrickland 9 P 0.585 0.695 98.1 0.253 85.1 0.0 0.0 0.0 0.0 0.053 89.0 0.0 0.0 0.0 0.0
JeanMachi 71 P 0.436 0.358 92.7 0.151 81.5 0.0 0.0 0.0 0.0 0.0 0.0 0.49 85.6 0.0 0.0
ErikCordier 7 P 0.505 0.725 99.3 0.275 86.7 0.0 0.0 0.0 0.0 0.0 0.0 0.0 0.0 0.0 0.0
JavierLopez 65 P 0.448 0.706 85.6 0.063 72.6 0.165 79.7 0.0 0.0 0.066 78.8 0.0 0.0 0.0 0.0
SergioRomo 64 P 0.403 0.361 88.0 0.52 78.7 0.0 0.0 0.0 0.0 0.119 83.0 0.0 0.0 0.0 0.0
JeremyAffeldt 62 P 0.44 0.673 91.6 0.0 0.0 0.0 0.0 0.236 75.3 0.0 0.0 0.091 87.5 0.0 0.0
JuanGutierrez 61 P 0.463 0.587 93.5 0.181 84.1 0.0 0.0 0.172 80.7 0.061 85.9 0.0 0.0 0.0 0.0
SantiagoCasilla 54 P 0.416 0.633 94.3 0.136 88.9 0.0 0.0 0.201 81.4 0.031 88.2 0.0 0.0 0.0 0.0
YusmeiroPetit 39 P 0.435 0.496 88.9 0.173 84.3 0.0 0.0 0.244 77.0 0.088 81.7 0.0 0.0 0.0 0.0
MadisonBumgarner 33 P 0.468 0.435 92.1 0.35 88.2 0.0 0.0 0.14 76.5 0.075 83.8 0.0 0.0 0.0 0.0
TimLincecum 33 P 0.417 0.467 89.6 0.217 80.3 0.0 0.0 0.077 75.1 0.239 82.6 0.0 0.0 0.0 0.0
RyanVogelsong 32 P 0.419 0.466 90.5 0.0 0.0 0.21 88.1 0.186 77.0 0.138 83.6 0.0 0.0 0.0 0.0
TimHudson 31 P 0.478 0.538 89.0 0.231 83.5 0.0 0.0 0.084 75.6 0.0 0.0 0.147 80.9 0.0 0.0
ChrisHeston 3 P 0.386 0.592 89.7 0.175 77.1 0.0 0.0 0.175 75.6 0.058 82.8 0.0 0.0 0.0 0.0
BrettBochy 3 P 0.339 0.719 88.1 0.141 79.3 0.141 85.3 0.0 0.0 0.0 0.0 0.0 0.0 0.0 0.0
GeorgeKontos 24 P 0.451 0.384 91.3 0.274 84.4 0.307 87.7 0.0 0.0 0.035 85.1 0.0 0.0 0.0 0.0
MikeKickham 2 P 0.415 0.604 90.5 0.396 83.9 0.0 0.0 0.0 0.0 0.0 0.0 0.0 0.0 0.0 0.0
MattCain 15 P 0.458 0.509 91.6 0.195 86.2 0.0 0.0 0.126 77.6 0.17 85.5 0.0 0.0 0.0 0.0
JakeDunning 1 P 0.539 0.539 87.7 0.462 78.5 0.0 0.0 0.0 0.0 0.0 0.0 0.0 0.0 0.0 0.0