MikeAviles 2B 85 0.83 0.357 0.659 0.752 0.934 0.741 0.188 0.012 0.059 0.909
JasonGiambi NOPOSITION 8 0.69 0.288 0.692 0.738 0.847 0.5 0.25 0.0 0.25 0.0
NickSwisher 1B 75 0.63 0.272 0.676 0.592 0.836 0.627 0.267 0.0 0.107 0.98
JoseRamirez 2B 62 0.82 0.309 0.67 0.841 0.882 0.774 0.161 0.032 0.032 0.983
JesusAguilar 1B 4 0.55 0.347 0.667 0.486 0.841 1.0 0.0 0.0 0.0 0.974
RyanRaburn 1B 39 0.69 0.263 0.678 0.536 0.833 0.718 0.179 0.0 0.103 0.962
JustinSellers 2B 3 0.67 0.333 0.629 0.563 0.864 1.0 0.0 0.0 0.0 1.0
RobertoPerez C 23 0.67 0.275 0.7 0.617 0.797 0.739 0.217 0.0 0.043 0.988
ChrisDickerson CF 22 0.55 0.242 0.735 0.443 0.789 0.727 0.182 0.0 0.091 0.963
MichaelBrantley CF 200 0.83 0.251 0.639 0.825 0.958 0.665 0.225 0.01 0.1 1.0
ElliotJohnson 2B 2 0.65 0.29 0.581 0.546 0.8 0.0 1.0 0.0 0.0 1.0
TylerHolt CF 19 0.62 0.274 0.598 0.622 0.832 0.895 0.105 0.0 0.0 1.0
NyjerMorgan CF 14 0.75 0.198 0.632 0.722 0.933 0.857 0.071 0.0 0.071 1.0
YanGomes C 135 0.72 0.375 0.666 0.658 0.834 0.637 0.185 0.022 0.156 0.988
LonnieChisenhall 1B 134 0.73 0.393 0.694 0.724 0.911 0.679 0.216 0.007 0.097 0.931
CarlosSantana 1B 125 0.64 0.22 0.589 0.72 0.856 0.584 0.2 0.0 0.216 0.995
JasonKipnis 2B 120 0.73 0.258 0.609 0.657 0.91 0.733 0.208 0.008 0.05 0.989
MichaelBourn CF 114 0.69 0.262 0.634 0.632 0.852 0.737 0.149 0.088 0.026 0.992
DavidMurphy LF 109 0.79 0.329 0.628 0.728 0.927 0.688 0.229 0.009 0.073 0.986
ZachMcAllister P 1 1.0 1.0 1.0 0.667 0.0 1.0 0.0 0.0 0.0 0.8
CoreyKluber P 1 0.67 0.0 0.438 0.0 1.0 1.0 0.0 0.0 0.0 1.0
JoshTomlin P 0 0.0 0.0 0.0 0.0 0.0 0.0 0.0 0.0 0.0 0.909
DannySalazar P 0 0.0 0.286 1.0 0.5 0.375 0.0 0.0 0.0 0.0 1.0
CarlosCarrasco P 0 0.0 0.333 0.6 0.0 0.333 0.0 0.0 0.0 0.0 0.923
T.J.House P 0 0.0 0.5 0.0 0.0 0.0 0.0 0.0 0.0 0.0 0.9
TrevorBauer P 0 0.0 0.286 0.25 0.5 1.0 0.0 0.0 0.0 0.0 0.955