BryanShaw 80 P 0.477 0.002 91.0 0.273 81.0 0.713 92.7 0.001 80.0 0.011 85.6 0.0 0.0 0.0 0.0
CodyAllen 76 P 0.436 0.623 95.3 0.0 0.0 0.0 0.0 0.377 86.0 0.0 0.0 0.0 0.0 0.0 0.0
MarcRzepczynski 73 P 0.393 0.561 91.5 0.431 84.4 0.0 0.0 0.0 0.0 0.008 85.2 0.0 0.0 0.0 0.0
ScottAtchison 70 P 0.468 0.306 92.1 0.0 0.0 0.527 87.6 0.165 79.9 0.003 84.0 0.0 0.0 0.0 0.0
BlakeWood 7 P 0.492 0.814 95.6 0.127 90.1 0.0 0.0 0.0 0.0 0.059 84.4 0.0 0.0 0.0 0.0
MarkLowe 7 P 0.472 0.352 92.2 0.648 84.5 0.0 0.0 0.0 0.0 0.0 0.0 0.0 0.0 0.0 0.0
AustinAdams 6 P 0.449 0.69 96.5 0.25 87.2 0.0 0.0 0.0 0.0 0.06 88.7 0.0 0.0 0.0 0.0
KyleCrockett 43 P 0.491 0.658 89.3 0.285 79.2 0.0 0.0 0.0 0.0 0.057 81.8 0.0 0.0 0.0 0.0
CarlosCarrasco 40 P 0.445 0.557 95.3 0.214 86.3 0.0 0.0 0.094 80.9 0.135 88.6 0.0 0.0 0.0 0.0
C.C.Lee 37 P 0.469 0.623 92.3 0.375 82.7 0.0 0.0 0.0 0.0 0.0 0.0 0.002 86.0 0.0 0.0
NickHagadone 35 P 0.458 0.763 94.6 0.237 80.0 0.0 0.0 0.0 0.0 0.0 0.0 0.0 0.0 0.0 0.0
CoreyKluber 34 P 0.453 0.524 93.2 0.0 0.0 0.28 88.7 0.158 82.5 0.038 84.9 0.0 0.0 0.0 0.0
BryanPrice 3 P 0.449 0.681 93.7 0.232 85.3 0.0 0.0 0.0 0.0 0.087 88.3 0.0 0.0 0.0 0.0
TrevorBauer 26 P 0.434 0.497 94.0 0.106 81.1 0.132 86.0 0.124 78.3 0.087 83.5 0.055 87.5 0.0 0.0
JoshTomlin 25 P 0.43 0.471 89.0 0.0 0.0 0.307 85.5 0.149 75.9 0.073 82.2 0.0 0.0 0.0 0.0
ZachMcAllister 22 P 0.513 0.737 92.9 0.09 83.1 0.0 0.0 0.099 78.1 0.072 80.7 0.002 88.0 0.0 0.0
DannySalazar 20 P 0.466 0.76 94.6 0.11 86.1 0.0 0.0 0.001 78.5 0.129 84.0 0.0 0.0 0.0 0.0
T.J.House 19 P 0.451 0.564 90.7 0.232 83.9 0.0 0.0 0.036 75.9 0.169 82.0 0.0 0.0 0.0 0.0