LoganMorrison 1B 88 0.76 0.31 0.695 0.694 0.914 0.648 0.227 0.0 0.125 0.996
MikeZunino C 87 0.6 0.397 0.734 0.504 0.766 0.494 0.23 0.023 0.253 0.996
BradMiller 2B 81 0.68 0.328 0.66 0.668 0.865 0.642 0.185 0.049 0.123 0.958
JamesJones CF 78 0.76 0.335 0.628 0.633 0.884 0.821 0.115 0.064 0.0 0.994
EndyChavez CF 64 0.83 0.34 0.581 0.784 0.896 0.75 0.188 0.031 0.031 1.0
MichaelSaunders CF 63 0.68 0.22 0.652 0.564 0.879 0.651 0.175 0.048 0.127 1.0
JustinSmoak 1B 50 0.67 0.278 0.645 0.566 0.866 0.6 0.26 0.0 0.14 0.997
CoreyHart 1B 47 0.68 0.358 0.682 0.556 0.829 0.681 0.191 0.0 0.128 1.0
JesusMontero 1B 4 0.82 0.433 0.621 0.462 0.889 0.75 0.0 0.0 0.25 1.0
ChrisTaylor SS 39 0.66 0.241 0.692 0.471 0.831 0.795 0.205 0.0 0.0 0.962
WillieBloomquist 1B 37 0.74 0.359 0.706 0.629 0.898 0.811 0.162 0.0 0.027 1.0
StefenRomero LF 34 0.69 0.371 0.712 0.603 0.839 0.676 0.176 0.059 0.088 0.985
RobinsonCano 2B 187 0.8 0.363 0.703 0.774 0.944 0.717 0.198 0.011 0.075 0.987
KyleSeager 3B 158 0.73 0.266 0.61 0.716 0.891 0.646 0.171 0.025 0.158 0.981
JesusSucre C 13 0.73 0.426 0.677 0.652 0.806 0.846 0.154 0.0 0.0 0.994
DustinAckley LF 123 0.77 0.267 0.618 0.718 0.913 0.634 0.22 0.033 0.114 0.992
ChrisYoung P 0 1.0 0.0 0.333 0.0 1.0 0.0 0.0 0.0 0.0 0.944
FelixHernandez P 0 1.0 1.0 0.667 1.0 1.0 0.0 0.0 0.0 0.0 0.973
BrandonMaurer P 0 1.0 0.0 0.5 0.0 1.0 0.0 0.0 0.0 0.0 1.0
RoenisElias P 0 0.75 0.143 0.615 0.0 0.875 0.0 0.0 0.0 0.0 1.0
ErasmoRamirez P 0 0.67 0.0 0.75 0.0 1.0 0.0 0.0 0.0 0.0 1.0
HumbertoQuintero C 0 0.5 1.0 0.5 0.333 0.0 0.0 0.0 0.0 0.0 1.0
JamesPaxton P 0 0.5 0.0 0.25 0.0 1.0 0.0 0.0 0.0 0.0 0.727
HisashiIwakuma P 0 0.33 0.3 0.313 1.0 1.0 0.0 0.0 0.0 0.0 0.976
DannyFarquhar P 0 0.0 0.0 0.0 0.0 0.0 0.0 0.0 0.0 0.0 1.0