CarsonSmith 9 P 0.54 0.474 93.7 0.456 84.4 0.0 0.0 0.0 0.0 0.07 88.3 0.0 0.0 0.0 0.0
TaijuanWalker 8 P 0.453 0.596 94.7 0.0 0.0 0.085 91.1 0.136 74.5 0.183 88.0 0.0 0.0 0.0 0.0
FernandoRodney 69 P 0.459 0.685 94.9 0.0 0.0 0.0 0.0 0.0 0.0 0.315 82.4 0.0 0.0 0.0 0.0
CharlieFurbush 67 P 0.481 0.564 91.8 0.391 81.1 0.0 0.0 0.043 77.7 0.002 88.0 0.0 0.0 0.0 0.0
DannyFarquhar 66 P 0.457 0.207 93.3 0.0 0.0 0.565 89.4 0.158 75.8 0.07 84.8 0.0 0.0 0.0 0.0
YoervisMedina 66 P 0.41 0.676 94.8 0.317 85.2 0.0 0.0 0.0 0.0 0.007 86.2 0.0 0.0 0.0 0.0
TomWilhelmsen 57 P 0.449 0.591 95.4 0.0 0.0 0.163 88.5 0.15 78.2 0.096 87.8 0.0 0.0 0.0 0.0
DominicLeone 57 P 0.45 0.565 94.6 0.182 83.5 0.208 89.9 0.0 0.0 0.045 87.5 0.0 0.0 0.0 0.0
JoeBeimel 55 P 0.464 0.707 86.4 0.124 78.8 0.0 0.0 0.046 70.7 0.122 79.5 0.0 0.0 0.0 0.0
BrandonMaurer 38 P 0.491 0.529 94.4 0.0 0.0 0.29 89.5 0.048 74.4 0.133 85.3 0.0 0.0 0.0 0.0
FelixHernandez 34 P 0.43 0.434 92.4 0.083 84.5 0.0 0.0 0.162 80.2 0.322 89.3 0.0 0.0 0.0 0.0
ChrisYoung 30 P 0.439 0.664 85.3 0.27 78.0 0.0 0.0 0.009 69.5 0.057 78.5 0.0 0.0 0.0 0.0
RoenisElias 29 P 0.435 0.524 92.0 0.0 0.0 0.0 0.0 0.232 78.9 0.244 85.7 0.0 0.0 0.0 0.0
HisashiIwakuma 28 P 0.471 0.479 88.9 0.204 80.7 0.0 0.0 0.032 72.6 0.0 0.0 0.284 84.4 0.0 0.0
ErasmoRamirez 17 P 0.471 0.524 91.1 0.114 86.1 0.0 0.0 0.103 79.1 0.26 79.7 0.0 0.0 0.0 0.0
JamesPaxton 13 P 0.431 0.666 94.8 0.0 0.0 0.059 89.9 0.184 82.0 0.091 86.7 0.0 0.0 0.0 0.0
LucasLuetge 12 P 0.425 0.504 90.6 0.387 85.2 0.0 0.0 0.08 74.9 0.029 85.0 0.0 0.0 0.0 0.0
BlakeBeavan 1 P 0.475 0.698 86.5 0.222 77.4 0.048 82.3 0.032 71.5 0.0 0.0 0.0 0.0 0.0 0.0
StephenPryor 0 P 0.424 0.657 91.7 0.286 85.2 0.0 0.0 0.029 73.0 0.029 85.0 0.0 0.0 0.0 0.0