BradPenny 8 P 0.443 0.696 91.7 0.0 0.0 0.002 88.0 0.167 79.5 0.031 84.8 0.103 86.7 0.0 0.0
JoseFernandez 8 P 0.479 0.522 95.1 0.213 83.1 0.0 0.0 0.156 81.6 0.109 88.2 0.0 0.0 0.0 0.0
MikeDunn 75 P 0.503 0.57 94.8 0.417 87.5 0.0 0.0 0.013 76.5 0.0 0.0 0.0 0.0 0.0 0.0
AndrewHeaney 7 P 0.406 0.658 90.4 0.228 78.7 0.0 0.0 0.0 0.0 0.115 81.9 0.0 0.0 0.0 0.0
A.J.Ramos 68 P 0.395 0.557 91.3 0.262 79.9 0.0 0.0 0.014 74.5 0.167 83.7 0.0 0.0 0.0 0.0
SteveCishek 67 P 0.459 0.514 91.7 0.481 81.5 0.0 0.0 0.0 0.0 0.005 85.0 0.0 0.0 0.0 0.0
RandyWolf 6 P 0.447 0.558 87.7 0.123 80.2 0.0 0.0 0.193 68.5 0.126 77.0 0.0 0.0 0.0 0.0
ArquimedesCaminero 6 P 0.395 0.667 95.5 0.053 81.3 0.044 90.0 0.0 0.0 0.0 0.0 0.237 88.5 0.0 0.0
ChrisHatcher 52 P 0.471 0.609 95.1 0.171 87.0 0.0 0.0 0.0 0.0 0.22 87.4 0.0 0.0 0.0 0.0
DanJennings 47 P 0.384 0.572 92.5 0.428 83.4 0.0 0.0 0.0 0.0 0.0 0.0 0.0 0.0 0.0 0.0
NathanEovaldi 33 P 0.511 0.629 95.7 0.247 86.3 0.0 0.0 0.094 75.9 0.031 87.4 0.0 0.0 0.0 0.0
TomKoehler 32 P 0.464 0.602 92.9 0.15 86.3 0.0 0.0 0.215 79.0 0.034 85.5 0.0 0.0 0.0 0.0
BradHand 32 P 0.446 0.654 92.4 0.001 85.0 0.0 0.0 0.215 79.1 0.13 86.1 0.0 0.0 0.0 0.0
SamDyson 31 P 0.472 0.801 95.6 0.136 83.2 0.0 0.0 0.0 0.0 0.063 88.5 0.0 0.0 0.0 0.0
HendersonAlvarez 30 P 0.498 0.636 93.5 0.121 83.3 0.0 0.0 0.011 62.1 0.232 89.1 0.0 0.0 0.0 0.0
HenryRodriguez 2 P 0.429 0.772 96.9 0.211 83.9 0.0 0.0 0.0 0.0 0.018 86.0 0.0 0.0 0.0 0.0
BrianFlynn 2 P 0.518 0.629 90.4 0.121 82.9 0.0 0.0 0.164 74.3 0.086 82.7 0.0 0.0 0.0 0.0
KevinSlowey 17 P 0.512 0.66 89.2 0.226 82.8 0.0 0.0 0.039 75.0 0.075 84.5 0.0 0.0 0.0 0.0
CarterCapps 17 P 0.448 0.755 97.4 0.226 83.6 0.0 0.0 0.0 0.0 0.02 86.7 0.0 0.0 0.0 0.0
CarlosMarmol 15 P 0.489 0.477 93.7 0.523 84.2 0.0 0.0 0.0 0.0 0.0 0.0 0.0 0.0 0.0 0.0
AnthonyDeSclafani 13 P 0.482 0.697 92.5 0.257 81.6 0.0 0.0 0.0 0.0 0.046 84.6 0.0 0.0 0.0 0.0
KevinGregg 12 P 0.42 0.62 90.6 0.098 78.3 0.215 85.9 0.0 0.0 0.0 0.0 0.068 81.5 0.0 0.0