JarrodSaltalamacchia C 82 0.54 0.326 0.7 0.519 0.748 0.622 0.244 0.0 0.134 0.981
DonovanSolano 2B 78 0.76 0.311 0.622 0.721 0.921 0.808 0.141 0.013 0.038 0.997
J.T.Realmuto C 7 0.7 0.339 0.667 0.773 0.85 0.714 0.143 0.143 0.0 0.982
RafaelFurcal 2B 6 0.76 0.222 0.578 0.889 0.927 0.833 0.0 0.167 0.0 1.0
JeffBaker 1B 55 0.71 0.299 0.662 0.633 0.899 0.691 0.182 0.073 0.055 0.993
NathanEovaldi P 5 0.42 0.274 0.437 0.355 0.846 1.0 0.0 0.0 0.0 0.981
EdLucas 1B 45 0.7 0.333 0.611 0.653 0.864 0.867 0.111 0.0 0.022 0.988
ReedJohnson CF 44 0.77 0.496 0.657 0.694 0.857 0.614 0.341 0.0 0.045 1.0
DerekDietrich 2B 36 0.67 0.251 0.607 0.606 0.864 0.639 0.167 0.056 0.139 0.951
JeffMathis C 35 0.59 0.363 0.624 0.599 0.767 0.743 0.2 0.0 0.057 0.998
TomKoehler P 3 0.53 0.365 0.564 0.486 0.758 1.0 0.0 0.0 0.0 1.0
JordanyValdespin 2B 21 0.78 0.247 0.602 0.746 0.927 0.714 0.095 0.048 0.143 0.961
JustinBour 1B 21 0.66 0.322 0.795 0.646 0.822 0.81 0.143 0.0 0.048 1.0
BradPenny P 2 0.63 0.462 0.643 0.833 0.778 0.5 0.5 0.0 0.0 1.0
JoseFernandez P 2 0.67 0.455 0.441 0.867 0.933 1.0 0.0 0.0 0.0 1.0
CaseyMcGehee 3B 177 0.75 0.257 0.616 0.726 0.904 0.808 0.164 0.006 0.023 0.979
ChristianYelich CF 165 0.68 0.22 0.619 0.656 0.902 0.727 0.182 0.036 0.055 0.996
GiancarloStanton RF 155 0.58 0.311 0.644 0.534 0.818 0.555 0.2 0.006 0.239 0.982
MarcellOzuna CF 152 0.66 0.324 0.654 0.501 0.833 0.645 0.171 0.033 0.151 0.985
AdeinyHechavarria SS 148 0.8 0.391 0.732 0.76 0.884 0.791 0.135 0.068 0.007 0.979
GarrettJones 1B 122 0.7 0.306 0.713 0.666 0.879 0.59 0.27 0.016 0.123 0.988
HendersonAlvarez P 11 0.69 0.649 0.563 0.623 0.796 1.0 0.0 0.0 0.0 0.964
RandyWolf P 1 0.86 0.177 0.5 0.667 0.875 1.0 0.0 0.0 0.0 1.0
AndrewHeaney P 1 0.78 0.211 0.643 0.75 1.0 1.0 0.0 0.0 0.0 1.0
BradHand P 1 0.77 0.381 0.492 0.75 0.966 1.0 0.0 0.0 0.0 1.0
AnthonyDeSclafani P 1 0.64 0.191 0.591 0.25 0.923 1.0 0.0 0.0 0.0 1.0
ChrisHatcher P 0 1.0 0.0 0.333 0.0 1.0 0.0 0.0 0.0 0.0 1.0
SamDyson P 0 1.0 0.0 1.0 0.0 1.0 0.0 0.0 0.0 0.0 0.846
BrianFlynn P 0 1.0 0.0 0.5 0.0 1.0 0.0 0.0 0.0 0.0 1.0
KevinSlowey P 0 0.6 0.222 0.583 0.5 0.857 0.0 0.0 0.0 0.0 1.0