Travisd'Arnaud C 93 0.77 0.291 0.688 0.737 0.873 0.591 0.237 0.032 0.14 0.99
RubenTejada SS 84 0.69 0.256 0.697 0.652 0.906 0.81 0.131 0.0 0.06 0.984
AndrewBrown LF 8 0.61 0.242 0.721 0.417 0.867 0.625 0.125 0.0 0.25 1.0
WilmerFlores 2B 65 0.84 0.335 0.654 0.858 0.889 0.692 0.2 0.015 0.092 0.979
EricYoung 2B 64 0.72 0.279 0.645 0.663 0.87 0.75 0.156 0.078 0.016 0.993
OmarQuintanilla 2B 6 0.77 0.221 0.746 0.733 0.951 0.833 0.167 0.0 0.0 0.973
JuanCenteno C 6 0.76 0.282 0.54 0.6 0.963 1.0 0.0 0.0 0.0 0.971
EricCampbell 1B 50 0.65 0.283 0.672 0.587 0.861 0.76 0.18 0.0 0.06 1.0
JonNiese P 5 0.46 0.119 0.6 0.588 0.845 0.8 0.2 0.0 0.0 0.897
TaylorTeagarden C 4 0.7 0.298 0.579 0.529 0.758 0.75 0.0 0.0 0.25 1.0
ZackWheeler P 4 0.6 0.461 0.629 0.575 0.75 0.75 0.25 0.0 0.0 0.941
MattdenDekker CF 38 0.68 0.222 0.603 0.631 0.857 0.711 0.289 0.0 0.0 0.976
AnthonyRecker C 35 0.6 0.289 0.598 0.536 0.815 0.543 0.257 0.0 0.2 0.988
BobbyAbreu LF 33 0.74 0.255 0.546 0.653 0.92 0.697 0.273 0.0 0.03 0.939
JoshSatin 1B 3 0.49 0.125 0.457 0.5 0.905 0.333 0.667 0.0 0.0 1.0
KirkNieuwenhuis CF 29 0.58 0.252 0.696 0.5 0.776 0.379 0.483 0.034 0.103 0.944
BartoloColon P 2 0.52 0.454 0.578 0.333 0.716 0.5 0.5 0.0 0.0 0.884
JeurysFamilia P 2 1.0 0.333 1.0 1.0 0.75 1.0 0.0 0.0 0.0 0.833
DaisukeMatsuzaka P 2 0.59 0.28 0.378 0.714 0.857 1.0 0.0 0.0 0.0 1.0
DanielMurphy 1B 172 0.8 0.335 0.676 0.781 0.948 0.721 0.215 0.012 0.052 0.974
DavidWright 3B 144 0.73 0.271 0.683 0.668 0.89 0.729 0.208 0.007 0.056 0.954
LucasDuda 1B 130 0.64 0.283 0.599 0.581 0.867 0.562 0.208 0.0 0.231 0.994
DilsonHerrera 2B 13 0.64 0.302 0.613 0.571 0.912 0.692 0.0 0.077 0.231 0.963
CurtisGranderson CF 128 0.65 0.262 0.663 0.627 0.85 0.617 0.211 0.016 0.156 0.996
JuanLagares CF 117 0.75 0.357 0.625 0.735 0.888 0.735 0.205 0.026 0.034 0.984
JacobdeGrom P 10 0.74 0.459 0.605 0.641 0.98 0.8 0.2 0.0 0.0 1.0
BuddyCarlyle P 1 1.0 0.0 0.667 0.0 1.0 1.0 0.0 0.0 0.0 1.0
DillonGee P 1 0.56 0.46 0.691 0.559 0.625 1.0 0.0 0.0 0.0 1.0
WilfredoTovar SS 0 1.0 0.667 0.6 0.75 0.667 0.0 0.0 0.0 0.0 1.0
RafaelMontero P 0 0.62 0.421 0.6 0.125 0.917 0.0 0.0 0.0 0.0 1.0
JenrryMejia P 0 0.61 0.55 0.63 0.364 0.706 0.0 0.0 0.0 0.0 1.0
CarlosTorres P 0 0.43 0.462 0.333 0.667 0.667 0.0 0.0 0.0 0.0 0.923
GonzalezGermen P 0 0.0 0.0 0.0 0.0 0.0 0.0 0.0 0.0 0.0 1.0
JoshEdgin P 0 0.0 0.0 0.667 0.0 0.5 0.0 0.0 0.0 0.0 0.667