JeurysFamilia 76 P 0.417 0.745 96.4 0.247 86.2 0.0 0.0 0.0 0.0 0.008 89.7 0.0 0.0 0.0 0.0
CarlosTorres 73 P 0.468 0.353 91.9 0.0 0.0 0.492 89.5 0.139 79.0 0.016 84.5 0.0 0.0 0.0 0.0
JenrryMejia 63 P 0.467 0.575 92.5 0.192 84.4 0.0 0.0 0.146 78.7 0.087 87.7 0.0 0.0 0.0 0.0
ErikGoeddel 6 P 0.391 0.707 93.5 0.0 0.0 0.0 0.0 0.185 75.5 0.0 0.0 0.109 84.7 0.0 0.0
JohnLannan 5 P 0.413 0.663 87.8 0.109 82.1 0.0 0.0 0.163 74.5 0.065 84.5 0.0 0.0 0.0 0.0
JoshEdgin 47 P 0.424 0.496 92.4 0.198 79.3 0.264 86.1 0.0 0.0 0.042 85.6 0.0 0.0 0.0 0.0
VicBlack 41 P 0.431 0.729 95.6 0.0 0.0 0.0 0.0 0.269 81.8 0.002 89.0 0.0 0.0 0.0 0.0
DarioAlvarez 4 P 0.387 0.484 89.9 0.516 79.8 0.0 0.0 0.0 0.0 0.0 0.0 0.0 0.0 0.0 0.0
DaisukeMatsuzaka 34 P 0.463 0.435 90.3 0.171 80.5 0.233 89.1 0.12 74.4 0.001 78.0 0.04 79.7 0.0 0.0
ScottRice 32 P 0.338 0.672 89.4 0.221 81.6 0.0 0.0 0.0 0.0 0.0 0.0 0.107 82.0 0.0 0.0
ZackWheeler 32 P 0.433 0.621 95.0 0.15 89.1 0.0 0.0 0.158 78.7 0.072 88.2 0.0 0.0 0.0 0.0
BartoloColon 31 P 0.497 0.826 88.7 0.118 82.2 0.0 0.0 0.0 0.0 0.056 81.5 0.0 0.0 0.0 0.0
JonNiese 30 P 0.491 0.496 88.5 0.0 0.0 0.242 87.4 0.169 73.7 0.092 81.8 0.0 0.0 0.0 0.0
DanaEveland 30 P 0.417 0.38 90.6 0.578 83.8 0.0 0.0 0.0 0.0 0.043 83.8 0.0 0.0 0.0 0.0
BuddyCarlyle 27 P 0.522 0.829 90.5 0.0 0.0 0.135 85.7 0.021 74.3 0.015 81.7 0.0 0.0 0.0 0.0
GonzalezGermen 25 P 0.395 0.651 92.7 0.138 84.2 0.0 0.0 0.0 0.0 0.211 84.1 0.0 0.0 0.0 0.0
DillonGee 22 P 0.438 0.595 89.2 0.113 82.0 0.0 0.0 0.13 74.0 0.161 82.5 0.0 0.0 0.0 0.0
JacobdeGrom 22 P 0.44 0.615 93.5 0.165 87.0 0.0 0.0 0.099 79.4 0.121 83.8 0.0 0.0 0.0 0.0
JoseValverde 21 P 0.494 0.767 93.0 0.0 0.0 0.0 0.0 0.0 0.0 0.0 0.0 0.233 82.0 0.0 0.0
RafaelMontero 10 P 0.369 0.718 92.2 0.154 81.7 0.0 0.0 0.0 0.0 0.128 86.5 0.0 0.0 0.0 0.0
BobbyParnell 1 P 0.52 0.84 92.3 0.0 0.0 0.0 0.0 0.04 85.0 0.12 88.3 0.0 0.0 0.0 0.0