BryceHarper CF 96 0.64 0.357 0.755 0.59 0.829 0.74 0.104 0.021 0.135 0.981
WilsonRamos C 91 0.8 0.391 0.816 0.668 0.871 0.747 0.132 0.0 0.121 0.993
MichaelTaylor CF 8 0.51 0.366 0.526 0.367 0.854 0.5 0.375 0.0 0.125 1.0
DannyEspinosa 2B 73 0.58 0.381 0.708 0.532 0.754 0.658 0.192 0.041 0.11 0.99
TannerRoark P 7 0.69 0.293 0.54 0.583 0.827 1.0 0.0 0.0 0.0 0.944
RyanZimmerman 1B 60 0.75 0.291 0.535 0.678 0.925 0.583 0.317 0.017 0.083 1.0
StephenStrasburg P 6 0.57 0.25 0.536 0.618 0.827 0.833 0.167 0.0 0.0 0.905
KevinFrandsen 1B 57 0.83 0.365 0.69 0.713 0.896 0.842 0.14 0.0 0.018 0.967
JoseLobaton C 50 0.67 0.314 0.738 0.623 0.824 0.78 0.18 0.0 0.04 0.996
GioGonzalez P 4 0.5 0.415 0.563 0.385 0.612 0.5 0.25 0.0 0.25 0.962
DougFister P 4 0.65 0.414 0.616 0.479 0.836 0.75 0.25 0.0 0.0 0.973
StevenSouza CF 3 0.62 0.264 0.611 0.5 0.849 0.333 0.0 0.0 0.667 1.0
NateMcLouth CF 24 0.65 0.196 0.558 0.641 0.933 0.708 0.25 0.0 0.042 1.0
TylerMoore 1B 21 0.62 0.292 0.616 0.541 0.802 0.714 0.095 0.0 0.19 0.984
CraigStammen P 2 0.5 0.182 0.353 0.5 1.0 0.5 0.5 0.0 0.0 0.9
DenardSpan CF 184 0.82 0.246 0.618 0.827 0.96 0.717 0.212 0.043 0.027 0.99
AnthonyRendon 2B 176 0.76 0.237 0.618 0.732 0.933 0.625 0.222 0.034 0.119 0.958
ScottHairston LF 16 0.63 0.351 0.62 0.541 0.785 0.688 0.25 0.0 0.063 0.926
JaysonWerth RF 156 0.67 0.241 0.54 0.689 0.91 0.654 0.237 0.006 0.103 0.981
IanDesmond SS 151 0.64 0.346 0.686 0.537 0.834 0.649 0.172 0.02 0.159 0.963
AdamLaRoche 1B 128 0.67 0.25 0.64 0.659 0.892 0.648 0.148 0.0 0.203 0.994
SandyLeon C 10 0.63 0.268 0.559 0.585 0.879 0.8 0.1 0.0 0.1 0.994
JordanZimmermann P 10 0.66 0.429 0.475 0.521 0.929 0.9 0.1 0.0 0.0 0.97
TaylorHill P 1 1.0 0.5 0.4 0.5 1.0 1.0 0.0 0.0 0.0 1.0
TaylorJordan P 1 0.5 0.182 0.412 0.5 0.857 1.0 0.0 0.0 0.0 1.0
BlakeTreinen P 1 0.4 0.192 0.464 0.4 0.692 1.0 0.0 0.0 0.0 0.947
JeffKobernus 2B 0 0.63 0.222 0.5 0.5 1.0 0.0 0.0 0.0 0.0 1.0
RossDetwiler P 0 0.5 0.0 0.4 0.0 1.0 0.0 0.0 0.0 0.0 1.0