XavierCedeno 9 P 0.464 0.268 91.4 0.259 82.0 0.393 90.2 0.063 80.6 0.018 85.0 0.0 0.0 0.0 0.0
TylerClippard 75 P 0.455 0.483 91.8 0.0 0.0 0.0 0.0 0.074 75.4 0.345 80.4 0.098 82.4 0.0 0.0
RyanMattheus 7 P 0.364 0.744 92.9 0.165 83.5 0.0 0.0 0.0 0.0 0.0 0.0 0.091 82.7 0.0 0.0
DrewStoren 65 P 0.461 0.53 93.3 0.286 82.4 0.0 0.0 0.0 0.0 0.184 86.7 0.0 0.0 0.0 0.0
RafaelSoriano 64 P 0.478 0.372 91.5 0.29 84.8 0.337 90.9 0.0 0.0 0.001 82.0 0.0 0.0 0.0 0.0
JerryBlevins 64 P 0.438 0.51 91.1 0.0 0.0 0.193 86.8 0.179 74.2 0.119 84.5 0.0 0.0 0.0 0.0
AaronBarrett 50 P 0.421 0.637 93.5 0.345 85.0 0.0 0.0 0.0 0.0 0.018 87.3 0.0 0.0 0.0 0.0
TaylorJordan 5 P 0.457 0.614 89.1 0.144 80.7 0.0 0.0 0.0 0.0 0.242 80.9 0.0 0.0 0.0 0.0
CraigStammen 49 P 0.395 0.594 91.6 0.282 86.1 0.0 0.0 0.119 79.7 0.005 86.0 0.0 0.0 0.0 0.0
RossDetwiler 47 P 0.442 0.857 93.0 0.0 0.0 0.0 0.0 0.098 79.0 0.045 85.0 0.0 0.0 0.0 0.0
StephenStrasburg 34 P 0.44 0.609 94.8 0.014 86.4 0.0 0.0 0.172 79.9 0.205 88.2 0.0 0.0 0.0 0.0
JordanZimmermann 32 P 0.487 0.703 93.8 0.185 87.5 0.0 0.0 0.08 79.0 0.033 86.7 0.0 0.0 0.0 0.0
TannerRoark 31 P 0.477 0.668 91.1 0.146 83.3 0.0 0.0 0.084 73.4 0.102 82.1 0.0 0.0 0.0 0.0
TaylorHill 3 P 0.464 0.629 90.2 0.192 84.9 0.0 0.0 0.113 75.4 0.066 82.1 0.0 0.0 0.0 0.0
GioGonzalez 27 P 0.421 0.65 92.0 0.0 0.0 0.0 0.0 0.169 77.5 0.182 83.0 0.0 0.0 0.0 0.0
DougFister 25 P 0.47 0.637 87.9 0.148 84.2 0.0 0.0 0.088 72.6 0.128 79.3 0.0 0.0 0.0 0.0
BlakeTreinen 15 P 0.475 0.795 94.8 0.143 84.2 0.0 0.0 0.0 0.0 0.063 85.3 0.0 0.0 0.0 0.0