JoshStinson 8 P 0.436 0.623 92.0 0.131 88.4 0.0 0.0 0.157 77.8 0.089 85.8 0.0 0.0 0.0 0.0
ZachBritton 71 P 0.482 0.915 95.1 0.086 82.9 0.0 0.0 0.0 0.0 0.0 0.0 0.0 0.0 0.0 0.0
DarrenO'Day 68 P 0.431 0.554 87.3 0.437 79.5 0.0 0.0 0.0 0.0 0.01 78.2 0.0 0.0 0.0 0.0
BrianMatusz 63 P 0.468 0.556 90.6 0.259 84.4 0.0 0.0 0.072 76.9 0.113 82.6 0.0 0.0 0.0 0.0
TommyHunter 60 P 0.484 0.676 96.1 0.0 0.0 0.07 92.0 0.251 82.6 0.002 88.0 0.0 0.0 0.0 0.0
RyanWebb 51 P 0.482 0.599 92.0 0.31 82.2 0.0 0.0 0.0 0.0 0.091 83.3 0.0 0.0 0.0 0.0
BradBrach 46 P 0.4 0.676 93.4 0.181 85.2 0.0 0.0 0.0 0.0 0.143 85.3 0.0 0.0 0.0 0.0
T.J.McFarland 37 P 0.478 0.732 90.7 0.176 84.1 0.0 0.0 0.0 0.0 0.092 84.0 0.0 0.0 0.0 0.0
ChrisTillman 34 P 0.466 0.645 90.7 0.0 0.0 0.051 85.4 0.176 75.3 0.128 82.4 0.0 0.0 0.0 0.0
Wei-YinChen 31 P 0.504 0.658 91.8 0.155 82.4 0.0 0.0 0.07 73.9 0.117 83.5 0.0 0.0 0.0 0.0
BudNorris 28 P 0.439 0.605 93.4 0.261 86.3 0.043 89.3 0.001 80.5 0.09 85.7 0.0 0.0 0.0 0.0
MiguelGonzalez 27 P 0.423 0.576 91.0 0.155 84.3 0.0 0.0 0.134 76.4 0.0 0.0 0.136 83.8 0.0 0.0
UbaldoJimenez 25 P 0.42 0.591 90.5 0.209 82.5 0.0 0.0 0.034 75.6 0.035 82.0 0.131 83.5 0.0 0.0
EvanMeek 23 P 0.504 0.316 91.5 0.0 0.0 0.516 89.2 0.109 79.3 0.0 0.0 0.059 81.8 0.0 0.0
KevinGausman 20 P 0.394 0.705 94.8 0.072 79.9 0.0 0.0 0.0 0.0 0.037 84.7 0.186 83.1 0.0 0.0
PrestonGuilmet 10 P 0.583 0.491 89.5 0.098 82.9 0.0 0.0 0.0 0.0 0.0 0.0 0.411 83.4 0.0 0.0
RamonRamirez 1 P 0.333 0.467 90.3 0.133 86.0 0.0 0.0 0.0 0.0 0.4 84.8 0.0 0.0 0.0 0.0