StevePearce 1B 99 0.69 0.289 0.688 0.606 0.838 0.525 0.263 0.0 0.212 0.998
JonathanSchoop 2B 95 0.7 0.412 0.701 0.611 0.836 0.642 0.189 0.0 0.168 0.987
MannyMachado 3B 91 0.74 0.361 0.688 0.638 0.875 0.714 0.154 0.0 0.132 0.962
ChrisDavis 1B 88 0.54 0.316 0.704 0.491 0.777 0.523 0.182 0.0 0.295 0.996
DelmonYoung LF 73 0.75 0.4 0.79 0.579 0.86 0.74 0.151 0.014 0.096 1.0
RyanFlaherty 1B 62 0.7 0.333 0.677 0.62 0.839 0.629 0.242 0.016 0.113 0.936
CalebJoseph 1B 51 0.68 0.361 0.623 0.692 0.87 0.647 0.176 0.0 0.176 0.993
DavidLough CF 43 0.75 0.345 0.697 0.754 0.9 0.698 0.14 0.07 0.093 0.991
MattWieters C 32 0.78 0.352 0.695 0.775 0.893 0.688 0.156 0.0 0.156 0.994
ChristianWalker 1B 3 0.47 0.39 0.707 0.438 0.69 0.333 0.333 0.0 0.333 0.979
SteveLombardozzi 2B 21 0.8 0.347 0.627 0.677 0.955 0.905 0.048 0.048 0.0 0.988
SteveClevenger 1B 20 0.72 0.322 0.756 0.712 0.868 0.55 0.4 0.05 0.0 1.0
AdamJones CF 181 0.76 0.421 0.767 0.63 0.833 0.663 0.166 0.011 0.16 0.985
NickMarkakis 1B 177 0.79 0.271 0.586 0.852 0.949 0.763 0.153 0.006 0.079 1.0
NelsonCruz LF 166 0.71 0.336 0.714 0.586 0.837 0.554 0.193 0.012 0.241 1.0
J.J.Hardy SS 142 0.76 0.291 0.52 0.636 0.918 0.739 0.197 0.0 0.063 0.978
BudNorris P 1 0.75 0.333 0.625 1.0 0.6 1.0 0.0 0.0 0.0 0.96
T.J.McFarland P 0 1.0 0.0 1.0 0.0 1.0 0.0 0.0 0.0 0.0 0.929
UbaldoJimenez P 0 1.0 0.0 0.5 0.0 1.0 0.0 0.0 0.0 0.0 1.0
BradBrach P 0 1.0 0.333 1.0 0.0 0.667 0.0 0.0 0.0 0.0 0.727
CordPhelps NOPOSITION 0 1.0 0.0 0.6 0.0 1.0 0.0 0.0 0.0 0.0 0.0
AlexiCasilla 2B 0 0.75 0.571 0.4 0.75 1.0 0.0 0.0 0.0 0.0 0.0
MiguelGonzalez P 0 0.6 0.091 0.5 1.0 0.833 0.0 0.0 0.0 0.0 0.952
ChrisTillman P 0 0.6 0.0 0.385 0.0 1.0 0.0 0.0 0.0 0.0 0.936
QuintinBerry CF 0 0.5 0.444 0.5 0.75 0.0 0.0 0.0 0.0 0.0 1.0
KevinGausman P 0 0.33 0.2 0.167 0.5 1.0 0.0 0.0 0.0 0.0 1.0
Wei-YinChen P 0 0.0 0.0 0.0 0.0 0.0 0.0 0.0 0.0 0.0 1.0