DaleThayer 70 P 0.473 0.781 92.2 0.181 82.1 0.0 0.0 0.0 0.0 0.037 84.8 0.0 0.0 0.0 0.0
AlexTorres 70 P 0.383 0.618 92.5 0.061 85.7 0.0 0.0 0.001 80.0 0.32 84.3 0.0 0.0 0.0 0.0
NickVincent 63 P 0.458 0.414 89.8 0.0 0.0 0.554 87.1 0.0 0.0 0.032 83.9 0.0 0.0 0.0 0.0
LeonelCampos 6 P 0.405 0.586 94.3 0.352 86.5 0.0 0.0 0.0 0.0 0.063 85.6 0.0 0.0 0.0 0.0
KevinQuackenbush 56 P 0.464 0.727 91.3 0.0 0.0 0.0 0.0 0.17 76.7 0.0 0.0 0.103 83.4 0.0 0.0
JoaquinBenoit 53 P 0.393 0.505 94.7 0.176 89.0 0.0 0.0 0.0 0.0 0.319 84.9 0.0 0.0 0.0 0.0
TimStauffer 44 P 0.416 0.542 90.6 0.0 0.0 0.215 85.2 0.08 73.7 0.164 80.4 0.0 0.0 0.0 0.0
JoeWieland 4 P 0.347 0.67 91.8 0.0 0.0 0.0 0.0 0.195 76.7 0.135 82.8 0.0 0.0 0.0 0.0
IanKennedy 33 P 0.446 0.622 91.8 0.0 0.0 0.077 84.8 0.163 77.4 0.138 83.5 0.0 0.0 0.0 0.0
BlaineBoyer 32 P 0.467 0.698 93.1 0.208 85.9 0.0 0.0 0.091 77.1 0.003 85.5 0.0 0.0 0.0 0.0
EricStults 32 P 0.425 0.504 87.9 0.169 80.2 0.0 0.0 0.088 67.8 0.239 79.5 0.0 0.0 0.0 0.0
TysonRoss 31 P 0.417 0.551 93.2 0.412 86.5 0.0 0.0 0.0 0.0 0.037 86.4 0.0 0.0 0.0 0.0
JasonLane 3 P 0.5 0.532 86.1 0.092 77.7 0.0 0.0 0.014 73.5 0.362 78.7 0.0 0.0 0.0 0.0
AndrewCashner 19 P 0.473 0.712 94.3 0.172 84.1 0.0 0.0 0.017 78.0 0.1 85.2 0.0 0.0 0.0 0.0
DonnRoach 16 P 0.385 0.669 89.0 0.0 0.0 0.0 0.0 0.212 75.8 0.0 0.0 0.119 84.5 0.0 0.0
OdrisamerDespaigne 16 P 0.427 0.489 90.5 0.0 0.0 0.209 86.9 0.193 71.9 0.109 74.2 0.0 0.0 0.0 0.0
FrankGarces 15 P 0.394 0.566 91.9 0.357 77.6 0.0 0.0 0.0 0.0 0.077 82.5 0.0 0.0 0.0 0.0
JesseHahn 14 P 0.41 0.61 90.9 0.025 79.5 0.0 0.0 0.291 73.9 0.074 83.6 0.0 0.0 0.0 0.0
RobbieErlin 13 P 0.488 0.608 89.7 0.06 80.0 0.0 0.0 0.172 73.5 0.161 82.5 0.0 0.0 0.0 0.0
R.J.Alvarez 10 P 0.411 0.728 94.9 0.222 85.7 0.0 0.0 0.0 0.0 0.051 89.0 0.0 0.0 0.0 0.0
HectorAmbriz 1 P 0.323 0.546 93.4 0.394 86.2 0.0 0.0 0.061 77.0 0.0 0.0 0.0 0.0 0.0 0.0
BillyBuckner 1 P 0.374 0.59 87.7 0.0 0.0 0.0 0.0 0.277 78.8 0.133 82.5 0.0 0.0 0.0 0.0