WillVenable CF 91 0.68 0.327 0.669 0.564 0.871 0.747 0.143 0.022 0.088 1.0
YasmaniGrandal 1B 85 0.6 0.259 0.603 0.621 0.829 0.588 0.224 0.012 0.176 0.993
JeddGyorko 2B 84 0.68 0.297 0.652 0.562 0.853 0.667 0.202 0.012 0.119 0.977
EverthCabrera SS 83 0.73 0.294 0.641 0.689 0.882 0.795 0.157 0.012 0.036 0.967
ReneRivera 1B 74 0.68 0.386 0.721 0.57 0.871 0.595 0.243 0.014 0.149 0.989
YonderAlonso 1B 64 0.81 0.293 0.705 0.718 0.935 0.578 0.297 0.016 0.109 0.997
AndrewCashner LF 6 0.64 0.294 0.58 0.3 0.925 0.667 0.167 0.167 0.0 0.958
IanKennedy P 6 0.54 0.189 0.392 0.6 0.765 0.667 0.167 0.0 0.167 1.0
JacePeterson 2B 6 0.64 0.371 0.536 0.487 0.846 1.0 0.0 0.0 0.0 0.964
CameronMaybin CF 59 0.72 0.266 0.636 0.544 0.884 0.695 0.22 0.068 0.017 0.988
TommyMedica 1B 56 0.64 0.329 0.627 0.607 0.83 0.607 0.196 0.036 0.161 0.997
XavierNady 1B 5 0.67 0.304 0.723 0.464 0.867 0.2 0.2 0.0 0.6 1.0
EricStults P 4 0.64 0.345 0.657 0.655 0.815 0.75 0.25 0.0 0.0 0.95
BrooksConrad 2B 3 0.5 0.337 0.643 0.467 0.833 0.333 0.333 0.0 0.333 1.0
RymerLiriano RF 24 0.59 0.297 0.625 0.397 0.846 0.875 0.083 0.0 0.042 0.937
CarlosQuentin LF 23 0.65 0.329 0.838 0.577 0.817 0.565 0.261 0.0 0.174 1.0
JakeGoebbert 1B 22 0.6 0.291 0.634 0.533 0.872 0.773 0.045 0.136 0.045 0.989
AdamMoore C 2 0.42 0.4 0.833 0.125 0.8 0.5 0.5 0.0 0.0 1.0
JeffFrancoeur RF 2 0.64 0.472 0.771 0.677 0.741 1.0 0.0 0.0 0.0 0.929
RobbieErlin P 2 0.63 0.241 0.472 0.429 0.941 1.0 0.0 0.0 0.0 1.0
JesseHahn P 2 0.5 0.313 0.556 0.333 0.76 1.0 0.0 0.0 0.0 1.0
CorySpangenberg 2B 18 0.75 0.443 0.747 0.63 0.846 0.722 0.111 0.056 0.111 0.857
ChrisNelson 1B 17 0.74 0.337 0.624 0.702 0.828 0.824 0.176 0.0 0.0 0.973
SethSmith LF 118 0.69 0.253 0.619 0.673 0.892 0.593 0.263 0.042 0.102 0.994
AlexiAmarista 2B 101 0.79 0.335 0.656 0.768 0.931 0.802 0.129 0.02 0.05 0.98
TysonRoss P 10 0.59 0.24 0.555 0.667 0.803 0.9 0.1 0.0 0.0 0.946
DonnRoach P 1 0.75 0.444 0.667 0.5 1.0 0.0 1.0 0.0 0.0 1.0
JasonLane P 1 1.0 0.333 0.5 0.0 1.0 1.0 0.0 0.0 0.0 1.0
TimStauffer P 1 0.75 0.105 0.588 1.0 1.0 1.0 0.0 0.0 0.0 1.0
BillyBuckner P 0 1.0 0.0 0.5 0.0 1.0 0.0 0.0 0.0 0.0 0.0
OdrisamerDespaigne P 0 0.61 0.559 0.636 0.474 0.679 0.0 0.0 0.0 0.0 0.889
JoeWieland P 0 0.33 0.333 0.5 0.0 0.667 0.0 0.0 0.0 0.0 0.5
DaleThayer P 0 0.0 0.667 0.0 0.0 0.0 0.0 0.0 0.0 0.0 1.0
AlexTorres P 0 0.0 0.0 1.0 0.0 0.333 0.0 0.0 0.0 0.0 0.846
NickVincent P 0 0.0 0.5 1.0 0.0 1.0 0.0 0.0 0.0 0.0 0.917