JakeDiekman 73 P 0.436 0.71 96.9 0.288 84.3 0.0 0.0 0.0 0.0 0.002 85.0 0.0 0.0 0.0 0.0
AntonioBastardo 67 P 0.425 0.633 91.5 0.356 83.3 0.0 0.0 0.0 0.0 0.011 85.3 0.0 0.0 0.0 0.0
JonathanPapelbon 66 P 0.438 0.677 91.3 0.149 80.3 0.0 0.0 0.0 0.0 0.0 0.0 0.174 86.2 0.0 0.0
MiguelGonzalez 6 P 0.504 0.631 95.0 0.0 0.0 0.0 0.0 0.215 77.8 0.154 82.4 0.0 0.0 0.0 0.0
JustinDeFratus 54 P 0.448 0.511 91.6 0.444 81.5 0.0 0.0 0.0 0.0 0.045 84.3 0.0 0.0 0.0 0.0
MarioHollands 50 P 0.457 0.678 93.0 0.187 81.5 0.084 90.3 0.0 0.0 0.051 84.7 0.0 0.0 0.0 0.0
PhillippeAumont 5 P 0.394 0.515 94.4 0.333 89.7 0.0 0.0 0.152 81.5 0.0 0.0 0.0 0.0 0.0 0.0
KenGiles 44 P 0.419 0.599 97.2 0.401 86.7 0.0 0.0 0.0 0.0 0.0 0.0 0.0 0.0 0.0 0.0
A.J.Burnett 34 P 0.462 0.594 91.7 0.0 0.0 0.0 0.0 0.331 81.7 0.075 86.5 0.0 0.0 0.0 0.0
KyleKendrick 32 P 0.438 0.451 89.7 0.0 0.0 0.268 87.2 0.094 77.5 0.187 81.4 0.0 0.0 0.0 0.0
ColeHamels 30 P 0.444 0.519 92.3 0.0 0.0 0.162 88.9 0.095 78.3 0.225 84.3 0.0 0.0 0.0 0.0
ShawnCamp 3 P 0.54 0.588 86.2 0.333 77.9 0.0 0.0 0.0 0.0 0.078 80.5 0.0 0.0 0.0 0.0
SeanO'Sullivan 3 P 0.479 0.563 90.9 0.214 78.4 0.0 0.0 0.047 71.2 0.177 78.4 0.0 0.0 0.0 0.0
MikeAdams 22 P 0.497 0.471 90.3 0.0 0.0 0.325 86.6 0.156 78.2 0.049 81.6 0.0 0.0 0.0 0.0
JeffManship 20 P 0.462 0.547 91.6 0.279 83.8 0.0 0.0 0.048 81.1 0.127 85.1 0.0 0.0 0.0 0.0
DavidBuchanan 20 P 0.448 0.398 90.3 0.0 0.0 0.296 89.3 0.095 77.2 0.211 81.5 0.0 0.0 0.0 0.0
EthanMartin 2 P 0.358 0.652 92.1 0.232 84.1 0.0 0.0 0.058 73.3 0.058 84.5 0.0 0.0 0.0 0.0
BradLincoln 2 P 0.451 0.49 92.0 0.0 0.0 0.0 0.0 0.392 82.6 0.0 0.0 0.118 84.3 0.0 0.0
JonathanPettibone 2 P 0.402 0.576 90.8 0.122 84.1 0.116 85.4 0.0 0.0 0.186 83.5 0.0 0.0 0.0 0.0
CesarJimenez 16 P 0.373 0.554 88.4 0.273 80.8 0.0 0.0 0.0 0.0 0.173 78.7 0.0 0.0 0.0 0.0
CliffLee 13 P 0.515 0.573 89.6 0.023 80.0 0.145 86.0 0.057 73.7 0.204 83.1 0.0 0.0 0.0 0.0
LuisGarcia 13 P 0.383 0.62 95.0 0.38 84.8 0.0 0.0 0.0 0.0 0.0 0.0 0.0 0.0 0.0 0.0
B.J.Rosenberg 13 P 0.441 0.621 92.6 0.246 84.6 0.008 88.5 0.082 77.5 0.043 85.4 0.0 0.0 0.0 0.0
HectorNeris 1 P 0.667 0.556 93.0 0.0 0.0 0.0 0.0 0.0 0.0 0.0 0.0 0.444 85.8 0.0 0.0