CarlosRuiz C 96 0.73 0.212 0.593 0.705 0.91 0.667 0.26 0.01 0.063 0.995
KyleKendrick P 9 0.55 0.301 0.627 0.649 0.75 0.889 0.111 0.0 0.0 0.959
A.J.Burnett P 8 0.6 0.171 0.473 0.684 0.783 0.75 0.25 0.0 0.0 0.971
CliffLee P 6 0.64 0.308 0.578 0.583 0.769 1.0 0.0 0.0 0.0 1.0
KoyieHill C 5 0.73 0.372 0.788 0.563 0.923 0.8 0.2 0.0 0.0 1.0
WilNieves 1B 31 0.71 0.485 0.684 0.559 0.811 0.71 0.258 0.0 0.032 0.996
DavidBuchanan P 3 0.64 0.314 0.419 0.563 0.936 0.667 0.333 0.0 0.0 0.893
CesarHernandez 2B 27 0.66 0.326 0.646 0.553 0.889 0.889 0.074 0.0 0.037 0.889
DarinRuf 1B 24 0.62 0.299 0.697 0.568 0.786 0.542 0.333 0.0 0.125 1.0
FreddyGalvis 2B 21 0.7 0.351 0.594 0.676 0.889 0.619 0.143 0.048 0.19 0.991
JeromeWilliams P 2 0.75 0.435 0.625 0.2 0.867 1.0 0.0 0.0 0.0 1.0
BenRevere CF 184 0.89 0.285 0.555 0.832 0.973 0.88 0.071 0.038 0.011 0.988
ReidBrignac 2B 18 0.54 0.38 0.729 0.494 0.782 0.611 0.278 0.056 0.056 1.0
TonyGwynn CF 16 0.69 0.214 0.573 0.673 0.923 0.813 0.125 0.063 0.0 1.0
ChaseUtley 1B 159 0.77 0.275 0.619 0.764 0.932 0.667 0.226 0.038 0.069 0.985
MarlonByrd RF 156 0.64 0.431 0.768 0.559 0.816 0.647 0.179 0.013 0.16 0.982
JimmyRollins SS 131 0.73 0.268 0.615 0.732 0.921 0.672 0.168 0.031 0.13 0.988
AndresBlanco 2B 13 0.85 0.324 0.681 0.818 0.903 0.538 0.385 0.0 0.077 0.95
ColeHamels P 13 0.59 0.425 0.571 0.529 0.733 0.846 0.154 0.0 0.0 1.0
RyanHoward 1B 127 0.59 0.347 0.713 0.519 0.796 0.669 0.142 0.008 0.181 0.993
DomonicBrown LF 111 0.75 0.327 0.755 0.712 0.875 0.703 0.198 0.009 0.09 0.989
CameronRupp C 11 0.63 0.305 0.731 0.512 0.816 0.636 0.364 0.0 0.0 0.987
CodyAsche 3B 100 0.69 0.302 0.677 0.581 0.869 0.65 0.25 0.0 0.1 0.943
MaikelFranco 1B 10 0.76 0.439 0.662 0.63 0.857 0.8 0.2 0.0 0.0 0.975
JeffManship P 0 1.0 0.4 0.5 1.0 1.0 0.0 0.0 0.0 0.0 1.0
RonnyCedeno 3B 0 0.78 0.563 0.353 0.778 0.833 0.0 0.0 0.0 0.0 1.0
AaronAltherr LF 0 0.6 0.25 0.5 0.333 0.8 0.0 0.0 0.0 0.0 1.0
JonathanPettibone P 0 0.5 0.333 1.0 0.0 1.0 0.0 0.0 0.0 0.0 1.0
SeanO'Sullivan P 0 0.33 0.333 0.167 0.0 1.0 0.0 0.0 0.0 0.0 1.0
CesarJimenez P 0 0.0 0.0 0.667 0.0 0.5 0.0 0.0 0.0 0.0 0.5
JustinDeFratus P 0 0.0 0.0 0.667 0.0 0.0 0.0 0.0 0.0 0.0 0.6
PhillippeAumont P 0 0.0 0.5 0.667 1.0 0.5 0.0 0.0 0.0 0.0 0.0
AntonioBastardo P 0 0.0 0.0 0.0 0.0 0.0 0.0 0.0 0.0 0.0 0.667