PedroAlvarez 1B 92 0.64 0.348 0.708 0.562 0.832 0.652 0.141 0.011 0.196 0.924
TravisSnider LF 85 0.71 0.267 0.679 0.659 0.897 0.659 0.176 0.012 0.153 0.986
GerritCole P 8 0.63 0.406 0.519 0.718 0.875 0.875 0.0 0.0 0.125 0.939
BrentMorel 1B 7 0.73 0.333 0.609 0.731 0.881 0.714 0.286 0.0 0.0 1.0
GregoryPolanco RF 65 0.71 0.285 0.608 0.639 0.883 0.754 0.138 0.0 0.108 0.987
GabySanchez 1B 60 0.71 0.317 0.604 0.692 0.892 0.567 0.3 0.017 0.117 0.995
MichaelMartinez 2B 5 0.61 0.278 0.706 0.704 0.875 0.8 0.2 0.0 0.0 0.957
FranciscoLiriano P 5 0.69 0.276 0.546 0.81 0.852 1.0 0.0 0.0 0.0 0.897
JeffLocke P 5 0.36 0.299 0.353 0.344 0.861 1.0 0.0 0.0 0.0 1.0
JoseTabata CF 49 0.81 0.333 0.67 0.701 0.91 0.857 0.102 0.041 0.0 1.0
ChrisStewart C 40 0.73 0.223 0.547 0.672 0.923 0.875 0.125 0.0 0.0 0.991
ClintBarmes 1B 25 0.73 0.309 0.611 0.662 0.868 0.8 0.2 0.0 0.0 0.975
TonySanchez C 20 0.6 0.315 0.706 0.447 0.738 0.85 0.05 0.0 0.1 0.967
VanceWorley P 2 0.53 0.585 0.5 0.548 0.828 0.5 0.5 0.0 0.0 0.941
WandyRodriguez P 2 0.75 0.267 0.417 0.75 1.0 1.0 0.0 0.0 0.0 0.9
BrandonCumpton P 2 0.6 0.25 0.515 0.6 0.882 1.0 0.0 0.0 0.0 1.0
CharlieMorton P 2 0.55 0.413 0.57 0.385 0.776 1.0 0.0 0.0 0.0 0.97
EdinsonVolquez P 2 0.53 0.375 0.5 0.472 0.732 1.0 0.0 0.0 0.0 0.921
AndrewMcCutchen CF 172 0.68 0.277 0.691 0.685 0.84 0.599 0.221 0.035 0.145 0.981
JoshHarrison 2B 164 0.81 0.392 0.677 0.717 0.868 0.646 0.232 0.043 0.079 0.984
StarlingMarte CF 144 0.67 0.373 0.69 0.609 0.843 0.667 0.201 0.042 0.09 0.969
NeilWalker 2B 139 0.75 0.32 0.711 0.733 0.901 0.633 0.18 0.022 0.165 0.992
JordyMercer RF 129 0.77 0.344 0.623 0.681 0.903 0.682 0.209 0.016 0.093 0.982
RussellMartin C 110 0.67 0.247 0.624 0.634 0.883 0.718 0.182 0.0 0.1 0.994
AndrewLambo 1B 10 0.79 0.36 0.8 0.519 0.885 0.6 0.4 0.0 0.0 1.0
JeanmarGomez P 1 1.0 0.0 0.667 0.0 1.0 1.0 0.0 0.0 0.0 0.929
TonyWatson P 1 0.33 0.1 0.2 1.0 1.0 1.0 0.0 0.0 0.0 0.947
VinMazzaro P 0 1.0 0.0 0.667 0.0 1.0 0.0 0.0 0.0 0.0 1.0
MattHague NOPOSITION 0 0.5 1.0 1.0 1.0 0.333 0.0 0.0 0.0 0.0 0.0
JaredHughes P 0 0.5 0.333 0.0 1.0 0.0 0.0 0.0 0.0 0.0 0.958
StolmyPimentel P 0 0.4 0.333 0.692 0.333 1.0 0.0 0.0 0.0 0.0 1.0
JaffDecker LF 0 0.4 0.182 0.75 0.5 0.222 0.0 0.0 0.0 0.0 0.0
Chased'Arnaud SS 0 0.0 0.0 0.0 0.0 0.0 0.0 0.0 0.0 0.0 0.0
JustinWilson P 0 0.0 0.0 0.0 0.0 0.0 0.0 0.0 0.0 0.0 0.8
BryanMorris P 0 0.0 0.0 0.5 0.0 0.0 0.0 0.0 0.0 0.0 0.909