JohnHoldzkom 9 P 0.54 0.937 95.5 0.0 0.0 0.0 0.0 0.0 0.0 0.063 85.3 0.0 0.0 0.0 0.0
TonyWatson 78 P 0.433 0.684 94.4 0.102 82.8 0.0 0.0 0.0 0.0 0.215 86.7 0.0 0.0 0.0 0.0
MarkMelancon 72 P 0.428 0.273 92.8 0.0 0.0 0.48 91.6 0.24 81.3 0.006 87.0 0.0 0.0 0.0 0.0
JustinWilson 70 P 0.47 0.727 95.2 0.0 0.0 0.207 89.9 0.064 78.6 0.002 87.0 0.0 0.0 0.0 0.0
JaredHughes 63 P 0.372 0.848 92.4 0.142 85.4 0.0 0.0 0.0 0.0 0.011 88.3 0.0 0.0 0.0 0.0
WandyRodriguez 6 P 0.453 0.548 88.4 0.0 0.0 0.0 0.0 0.322 74.3 0.13 82.7 0.0 0.0 0.0 0.0
BobbyLaFromboise 6 P 0.26 0.679 89.7 0.226 78.7 0.0 0.0 0.0 0.0 0.094 80.0 0.0 0.0 0.0 0.0
CaseySadler 6 P 0.415 0.808 92.3 0.18 85.4 0.0 0.0 0.0 0.0 0.012 86.5 0.0 0.0 0.0 0.0
VinMazzaro 5 P 0.439 0.675 91.4 0.299 84.9 0.0 0.0 0.0 0.0 0.026 86.0 0.0 0.0 0.0 0.0
JeanmarGomez 44 P 0.401 0.575 90.7 0.152 82.5 0.0 0.0 0.0 0.0 0.273 83.2 0.0 0.0 0.0 0.0
EdinsonVolquez 32 P 0.469 0.554 93.2 0.0 0.0 0.0 0.0 0.259 79.8 0.187 84.6 0.0 0.0 0.0 0.0
FranciscoLiriano 29 P 0.35 0.429 92.6 0.318 85.3 0.0 0.0 0.0 0.0 0.253 85.6 0.0 0.0 0.0 0.0
CharlieMorton 26 P 0.455 0.678 91.1 0.0 0.0 0.0 0.0 0.25 78.0 0.073 84.2 0.0 0.0 0.0 0.0
GerritCole 22 P 0.467 0.667 95.5 0.121 86.5 0.0 0.0 0.162 83.7 0.05 86.8 0.0 0.0 0.0 0.0
JeffLocke 21 P 0.418 0.62 90.5 0.0 0.0 0.0 0.0 0.139 77.6 0.241 79.4 0.0 0.0 0.0 0.0
StolmyPimentel 20 P 0.442 0.515 93.3 0.104 86.5 0.0 0.0 0.0 0.0 0.0 0.0 0.382 85.7 0.0 0.0
VanceWorley 18 P 0.468 0.683 89.5 0.0 0.0 0.222 84.0 0.082 77.1 0.013 84.4 0.0 0.0 0.0 0.0
BrandonCumpton 16 P 0.451 0.731 92.7 0.197 84.5 0.0 0.0 0.0 0.0 0.073 85.3 0.0 0.0 0.0 0.0
TravisSnider 1 P 0.421 0.737 83.6 0.0 0.0 0.0 0.0 0.0 0.0 0.263 77.4 0.0 0.0 0.0 0.0