JonEdwards 9 P 0.423 0.683 94.8 0.317 87.1 0.0 0.0 0.0 0.0 0.0 0.0 0.0 0.0 0.0 0.0
SpencerPatton 9 P 0.475 0.817 91.9 0.169 83.0 0.0 0.0 0.0 0.0 0.014 80.5 0.0 0.0 0.0 0.0
MartinPerez 8 P 0.37 0.638 90.3 0.102 84.2 0.0 0.0 0.094 76.8 0.166 83.6 0.0 0.0 0.0 0.0
TannerScheppers 8 P 0.463 0.752 94.1 0.195 82.1 0.0 0.0 0.0 0.0 0.053 87.9 0.0 0.0 0.0 0.0
BenRowen 8 P 0.443 0.791 79.2 0.209 72.6 0.0 0.0 0.0 0.0 0.0 0.0 0.0 0.0 0.0 0.0
NealCotts 73 P 0.465 0.517 91.0 0.117 83.7 0.353 87.6 0.0 0.0 0.014 84.8 0.0 0.0 0.0 0.0
NateAdcock 7 P 0.406 0.643 93.6 0.341 87.5 0.0 0.0 0.0 0.0 0.017 88.0 0.0 0.0 0.0 0.0
ShawnTolleson 64 P 0.477 0.633 92.4 0.11 81.3 0.14 88.7 0.0 0.0 0.117 79.9 0.0 0.0 0.0 0.0
DerekHolland 6 P 0.4 0.579 92.3 0.263 82.7 0.0 0.0 0.126 76.3 0.032 83.9 0.0 0.0 0.0 0.0
RyanFeierabend 6 P 0.462 0.577 89.0 0.185 83.6 0.0 0.0 0.131 75.2 0.108 79.6 0.0 0.0 0.0 0.0
LisalvertoBonilla 5 P 0.356 0.597 91.9 0.149 80.5 0.0 0.0 0.0 0.0 0.254 84.3 0.0 0.0 0.0 0.0
MattHarrison 4 P 0.378 0.79 89.4 0.018 84.5 0.0 0.0 0.058 76.1 0.134 80.3 0.0 0.0 0.0 0.0
NeftaliFeliz 30 P 0.43 0.722 93.1 0.172 83.5 0.0 0.0 0.0 0.0 0.106 84.8 0.0 0.0 0.0 0.0
RomanMendez 30 P 0.456 0.665 94.6 0.194 83.7 0.0 0.0 0.0 0.0 0.059 88.0 0.082 82.8 0.0 0.0
MattWest 3 P 0.439 0.754 95.0 0.0 0.0 0.0 0.0 0.13 75.7 0.116 85.6 0.0 0.0 0.0 0.0
SethRosin 3 P 0.451 0.648 90.2 0.155 83.5 0.0 0.0 0.0 0.0 0.197 79.1 0.0 0.0 0.0 0.0
ColbyLewis 29 P 0.46 0.619 88.7 0.222 83.0 0.0 0.0 0.08 76.9 0.078 83.4 0.0 0.0 0.0 0.0
NickMartinez 29 P 0.414 0.672 91.2 0.149 84.3 0.0 0.0 0.069 76.0 0.11 83.0 0.0 0.0 0.0 0.0
RobbieRoss 27 P 0.496 0.748 90.5 0.134 83.9 0.0 0.0 0.071 76.0 0.048 85.2 0.0 0.0 0.0 0.0
AlexiOgando 27 P 0.488 0.677 93.9 0.219 82.4 0.0 0.0 0.0 0.0 0.104 86.4 0.0 0.0 0.0 0.0
AaronPoreda 26 P 0.453 0.677 95.4 0.293 84.0 0.0 0.0 0.0 0.0 0.03 87.4 0.0 0.0 0.0 0.0
ScottBaker 25 P 0.503 0.636 89.3 0.296 81.4 0.0 0.0 0.0 0.0 0.069 83.8 0.0 0.0 0.0 0.0
NickTepesch 23 P 0.413 0.57 89.9 0.0 0.0 0.266 85.0 0.12 78.0 0.045 84.3 0.0 0.0 0.0 0.0
YuDarvish 22 P 0.456 0.538 92.4 0.209 79.7 0.107 88.2 0.088 72.7 0.039 85.9 0.019 89.2 0.0 0.0
JustinGermano 2 P 0.391 0.647 85.5 0.035 77.5 0.0 0.0 0.181 70.6 0.138 80.7 0.0 0.0 0.0 0.0
PhilKlein 17 P 0.487 0.51 91.6 0.05 81.1 0.433 85.4 0.0 0.0 0.007 85.5 0.0 0.0 0.0 0.0
AlexClaudio 15 P 0.43 0.512 84.3 0.287 75.3 0.0 0.0 0.0 0.0 0.201 67.8 0.0 0.0 0.0 0.0
MichaelKirkman 12 P 0.382 0.513 88.8 0.475 80.5 0.0 0.0 0.0 0.0 0.0 0.0 0.013 83.0 0.0 0.0
PedroFigueroa 10 P 0.521 0.66 94.0 0.271 86.5 0.0 0.0 0.0 0.0 0.069 86.0 0.0 0.0 0.0 0.0
MilesMikolas 10 P 0.517 0.622 92.7 0.168 86.1 0.0 0.0 0.117 74.6 0.093 85.3 0.0 0.0 0.0 0.0
DanielMcCutchen 1 P 0.49 0.49 89.3 0.225 82.7 0.0 0.0 0.0 0.0 0.0 0.0 0.286 80.1 0.0 0.0
J.P.Arencibia 1 P 0.5 1.0 71.7 0.0 0.0 0.0 0.0 0.0 0.0 0.0 0.0 0.0 0.0 0.0 0.0
MitchMoreland 1 P 0.5 0.933 92.1 0.0 0.0 0.0 0.0 0.0 0.0 0.067 78.0 0.0 0.0 0.0 0.0
ChrisGimenez 1 P 0.364 0.833 84.5 0.0 0.0 0.0 0.0 0.0 0.0 0.167 77.0 0.0 0.0 0.0 0.0
PhilIrwin 1 P 0.354 0.699 88.2 0.0 0.0 0.0 0.0 0.193 80.7 0.108 81.9 0.0 0.0 0.0 0.0