CarlosPena 1B 8 0.76 0.313 0.732 0.444 0.831 0.5 0.375 0.0 0.125 0.991
RobinsonChirinos C 73 0.72 0.32 0.657 0.645 0.877 0.616 0.205 0.0 0.178 0.994
BradSnyder 1B 5 0.59 0.197 0.703 0.6 0.733 0.4 0.2 0.0 0.4 0.985
DanielRobertson 2B 48 0.77 0.227 0.551 0.832 0.936 0.792 0.188 0.021 0.0 1.0
MichaelChoice CF 46 0.67 0.292 0.57 0.643 0.861 0.652 0.13 0.022 0.196 0.963
AdamRosales 1B 43 0.68 0.278 0.636 0.63 0.896 0.744 0.163 0.0 0.093 0.996
MitchMoreland 1B 41 0.7 0.311 0.684 0.566 0.88 0.707 0.22 0.024 0.049 0.989
PrinceFielder 1B 37 0.71 0.283 0.646 0.596 0.923 0.703 0.216 0.0 0.081 0.989
J.P.Arencibia 1B 36 0.64 0.401 0.741 0.609 0.824 0.472 0.25 0.0 0.278 0.987
RyanRua 1B 31 0.8 0.333 0.613 0.643 0.857 0.71 0.226 0.0 0.065 1.0
JakeSmolinski LF 30 0.67 0.3 0.605 0.579 0.837 0.733 0.167 0.0 0.1 1.0
LuisSardinas 2B 30 0.78 0.402 0.56 0.759 0.914 0.8 0.2 0.0 0.0 1.0
DonnieMurphy 1B 22 0.61 0.298 0.737 0.558 0.737 0.682 0.136 0.0 0.182 1.0
ColbyLewis P 2 0.6 0.4 0.667 0.5 1.0 1.0 0.0 0.0 0.0 0.929
GuilderRodriguez 2B 2 0.57 0.259 0.739 0.714 0.882 1.0 0.0 0.0 0.0 0.833
AdrianBeltre 3B 178 0.78 0.361 0.651 0.794 0.885 0.702 0.185 0.006 0.107 0.967
KevinKouzmanoff 3B 17 0.78 0.307 0.796 0.667 0.905 0.529 0.353 0.0 0.118 0.909
JimAdduci 1B 17 0.68 0.342 0.679 0.65 0.877 0.765 0.176 0.0 0.059 1.0
TomasTelis C 17 0.83 0.472 0.629 0.836 0.82 0.882 0.118 0.0 0.0 0.991
ElvisAndrus SS 163 0.79 0.228 0.534 0.736 0.925 0.767 0.215 0.006 0.012 0.971
JoshWilson 2B 16 0.76 0.453 0.703 0.583 0.911 0.75 0.25 0.0 0.0 1.0
LeonysMartin CF 146 0.73 0.374 0.674 0.659 0.893 0.815 0.089 0.048 0.048 0.982
AlexRios RF 138 0.78 0.309 0.632 0.702 0.917 0.696 0.217 0.058 0.029 0.977
Shin-SooChoo LF 110 0.62 0.226 0.632 0.579 0.849 0.7 0.173 0.009 0.118 0.972
RougnedOdor 2B 100 0.78 0.369 0.677 0.757 0.915 0.7 0.14 0.07 0.09 0.981
YuDarvish P 1 0.6 0.125 0.5 0.0 1.0 0.0 1.0 0.0 0.0 1.0
NickTepesch P 1 1.0 0.0 0.571 0.0 1.0 1.0 0.0 0.0 0.0 1.0
MilesMikolas P 0 1.0 0.0 0.667 0.0 1.0 0.0 0.0 0.0 0.0 0.833
RobbieRoss P 0 0.5 0.0 0.4 0.0 1.0 0.0 0.0 0.0 0.0 0.833
MartinPerez P 0 0.5 0.5 0.5 0.0 1.0 0.0 0.0 0.0 0.0 1.0
NickMartinez P 0 0.33 0.143 0.714 1.0 1.0 0.0 0.0 0.0 0.0 1.0
ScottBaker P 0 0.0 0.0 0.333 0.0 0.0 0.0 0.0 0.0 0.0 1.0