KevinKiermaier CF 87 0.73 0.299 0.707 0.671 0.868 0.609 0.184 0.092 0.115 0.966
WilMyers 1B 72 0.66 0.289 0.632 0.56 0.875 0.722 0.194 0.0 0.083 0.977
BrandonGuyer CF 69 0.73 0.329 0.704 0.69 0.857 0.725 0.217 0.014 0.043 1.0
LoganForsythe 1B 67 0.7 0.219 0.63 0.707 0.894 0.716 0.179 0.015 0.09 0.991
DavidDeJesus CF 59 0.71 0.252 0.656 0.719 0.948 0.61 0.254 0.034 0.102 1.0
SeanRodriguez 1B 50 0.68 0.351 0.722 0.582 0.824 0.44 0.26 0.06 0.24 0.971
RyanHanigan C 49 0.72 0.206 0.586 0.679 0.938 0.714 0.184 0.0 0.102 0.998
JoseMolina C 40 0.71 0.37 0.719 0.601 0.889 0.95 0.05 0.0 0.0 0.997
JerrySands NOPOSITION 4 0.68 0.28 0.677 0.643 0.905 0.75 0.0 0.0 0.25 0.0
JamesLoney 1B 174 0.81 0.306 0.692 0.796 0.939 0.793 0.155 0.0 0.052 0.992
EvanLongoria 3B 158 0.72 0.316 0.684 0.638 0.847 0.69 0.165 0.006 0.139 0.967
BenZobrist 2B 155 0.76 0.239 0.584 0.778 0.917 0.697 0.219 0.019 0.065 0.98
YunelEscobar LF 123 0.8 0.257 0.698 0.68 0.92 0.797 0.146 0.0 0.057 0.965
CurtCasali C 12 0.61 0.263 0.648 0.723 0.8 0.75 0.25 0.0 0.0 0.996
DesmondJennings CF 117 0.7 0.234 0.608 0.639 0.877 0.641 0.256 0.017 0.085 1.0
MattJoyce LF 106 0.64 0.255 0.679 0.605 0.807 0.679 0.217 0.019 0.085 0.986
ColeFigueroa 2B 10 0.84 0.225 0.654 0.8 0.902 0.7 0.2 0.1 0.0 0.977
AlexCobb P 1 0.67 0.059 0.615 1.0 0.875 0.0 1.0 0.0 0.0 0.879
VinceBelnome NOPOSITION 1 0.57 0.161 0.885 0.8 0.783 0.0 1.0 0.0 0.0 0.0
BradBoxberger P 0 1.0 0.0 0.8 0.0 0.75 0.0 0.0 0.0 0.0 1.0
DavidPrice P 0 0.5 0.333 0.462 0.0 0.833 0.0 0.0 0.0 0.0 0.957
ChrisArcher P 0 0.5 0.4 0.4 1.0 0.75 0.0 0.0 0.0 0.0 0.871
AliSolis C 0 0.43 0.563 0.778 0.333 0.714 0.0 0.0 0.0 0.0 1.0
JakeOdorizzi P 0 0.33 0.286 0.417 0.5 0.6 0.0 0.0 0.0 0.0 1.0
CesarRamos P 0 0.0 0.0 0.5 0.0 0.5 0.0 0.0 0.0 0.0 0.857