JakeMcGee 73 P 0.471 0.964 96.3 0.0 0.0 0.0 0.0 0.036 77.8 0.0 0.0 0.0 0.0 0.0 0.0
C.J.Riefenhauser 7 P 0.511 0.516 89.7 0.326 78.0 0.0 0.0 0.0 0.0 0.158 78.9 0.0 0.0 0.0 0.0
JoelPeralta 69 P 0.472 0.389 89.6 0.0 0.0 0.007 85.0 0.263 77.1 0.0 0.0 0.341 81.4 0.0 0.0
GrantBalfour 65 P 0.432 0.594 91.6 0.316 84.1 0.0 0.0 0.048 80.3 0.043 85.9 0.0 0.0 0.0 0.0
BradBoxberger 63 P 0.498 0.65 93.1 0.019 83.2 0.0 0.0 0.003 76.0 0.329 79.9 0.0 0.0 0.0 0.0
AlexColome 5 P 0.402 0.592 94.2 0.234 87.6 0.0 0.0 0.039 78.7 0.135 86.3 0.0 0.0 0.0 0.0
CesarRamos 43 P 0.433 0.565 90.0 0.25 82.9 0.0 0.0 0.081 69.3 0.104 84.2 0.0 0.0 0.0 0.0
KirbyYates 37 P 0.413 0.537 92.4 0.384 83.8 0.0 0.0 0.031 76.8 0.049 83.6 0.0 0.0 0.0 0.0
JuanOviedo 32 P 0.437 0.492 91.7 0.034 84.4 0.0 0.0 0.0 0.0 0.473 84.0 0.0 0.0 0.0 0.0
ChrisArcher 32 P 0.453 0.659 94.6 0.289 86.2 0.0 0.0 0.0 0.0 0.052 86.0 0.0 0.0 0.0 0.0
JakeOdorizzi 31 P 0.422 0.574 90.3 0.129 83.9 0.0 0.0 0.055 69.2 0.244 83.8 0.0 0.0 0.0 0.0
JeffBeliveau 30 P 0.535 0.563 89.5 0.0 0.0 0.202 85.0 0.204 74.5 0.031 81.6 0.0 0.0 0.0 0.0
BrandonGomes 29 P 0.457 0.328 91.4 0.106 81.7 0.346 87.0 0.0 0.0 0.0 0.0 0.22 82.2 0.0 0.0
AlexCobb 27 P 0.37 0.419 91.7 0.0 0.0 0.0 0.0 0.2 80.7 0.381 86.9 0.0 0.0 0.0 0.0
JoshLueke 25 P 0.514 0.582 93.0 0.197 76.7 0.0 0.0 0.0 0.0 0.0 0.0 0.222 79.9 0.0 0.0
MattMoore 2 P 0.358 0.576 91.5 0.0 0.0 0.109 90.0 0.13 79.8 0.185 84.2 0.0 0.0 0.0 0.0
NateKarns 2 P 0.459 0.659 93.2 0.0 0.0 0.0 0.0 0.288 83.1 0.054 85.5 0.0 0.0 0.0 0.0
ErikBedard 17 P 0.451 0.397 87.9 0.0 0.0 0.233 86.4 0.23 73.8 0.136 73.0 0.005 79.9 0.0 0.0
HeathBell 13 P 0.389 0.529 91.4 0.0 0.0 0.0 0.0 0.29 80.5 0.0 0.0 0.181 84.8 0.0 0.0
JeremyHellickson 13 P 0.382 0.531 90.2 0.0 0.0 0.0 0.0 0.188 75.8 0.282 80.1 0.0 0.0 0.0 0.0
SteveGeltz 11 P 0.47 0.696 92.8 0.171 81.1 0.0 0.0 0.0 0.0 0.127 82.9 0.006 84.0 0.0 0.0