DanielNava 1B 98 0.7 0.24 0.565 0.721 0.938 0.745 0.214 0.0 0.041 0.985
GarinCecchini 3B 8 0.56 0.252 0.542 0.667 0.875 0.5 0.375 0.0 0.125 0.952
BryceBrentz LF 8 0.65 0.36 0.702 0.5 0.879 0.75 0.25 0.0 0.0 1.0
JackieBradleyJr. CF 76 0.63 0.296 0.662 0.591 0.828 0.711 0.25 0.026 0.013 0.997
MookieBetts 2B 55 0.75 0.204 0.529 0.777 0.925 0.673 0.218 0.018 0.091 1.0
ChristianVazquez C 42 0.74 0.289 0.584 0.742 0.923 0.762 0.214 0.0 0.024 0.987
WillMiddlebrooks 1B 41 0.62 0.287 0.582 0.549 0.86 0.707 0.244 0.0 0.049 0.972
CarlosRivero 3B 4 0.88 0.353 0.643 0.667 0.778 0.25 0.5 0.0 0.25 0.833
DanielButler C 4 0.7 0.244 0.541 0.546 0.8 0.25 0.75 0.0 0.0 0.977
ShaneVictorino RF 33 0.79 0.391 0.526 0.69 0.959 0.727 0.182 0.03 0.061 1.0
DavidRoss C 28 0.57 0.285 0.698 0.485 0.695 0.5 0.25 0.0 0.25 0.983
JonathanHerrera 1B 21 0.67 0.335 0.524 0.727 0.921 0.857 0.048 0.095 0.0 1.0
RyanRoberts 3B 2 0.55 0.305 0.813 0.667 0.846 1.0 0.0 0.0 0.0 0.929
DustinPedroia 2B 153 0.79 0.267 0.598 0.806 0.923 0.739 0.216 0.0 0.046 0.997
DavidOrtiz 1B 136 0.71 0.302 0.712 0.69 0.901 0.544 0.199 0.0 0.257 1.0
XanderBogaerts 3B 129 0.69 0.303 0.619 0.622 0.866 0.682 0.217 0.008 0.093 0.975
BrockHolt 1B 126 0.73 0.255 0.56 0.751 0.921 0.746 0.183 0.04 0.032 0.945
RusneyCastillo CF 12 0.75 0.299 0.785 0.65 0.882 0.75 0.083 0.0 0.167 1.0
MikeNapoli 1B 103 0.57 0.24 0.61 0.631 0.79 0.641 0.194 0.0 0.165 0.992
ClayBuchholz P 1 1.0 0.333 0.4 1.0 0.5 1.0 0.0 0.0 0.0 0.973
AlexHassan RF 1 0.33 0.32 0.412 0.25 0.571 1.0 0.0 0.0 0.0 1.0
RubbydelaRosa P 0 1.0 0.5 1.0 0.667 1.0 0.0 0.0 0.0 0.0 0.958
RyanLavarnway 1B 0 0.7 0.2 0.762 0.2 0.813 0.0 0.0 0.0 0.0 1.0
AnthonyRanaudo P 0 0.4 0.1 0.5 0.0 0.4 0.0 0.0 0.0 0.0 1.0
BrandonWorkman P 0 0.25 0.5 0.444 0.333 1.0 0.0 0.0 0.0 0.0 0.929
CoreyBrown RF 0 0.0 0.0 0.667 0.0 0.0 0.0 0.0 0.0 0.0 1.0