JunichiTazawa 71 P 0.441 0.562 93.9 0.075 81.2 0.0 0.0 0.11 75.1 0.0 0.0 0.254 87.7 0.0 0.0
BurkeBadenhop 70 P 0.494 0.725 89.3 0.107 81.2 0.0 0.0 0.0 0.0 0.168 83.5 0.0 0.0 0.0 0.0
DrakeBritton 7 P 0.535 0.58 92.4 0.386 80.7 0.0 0.0 0.0 0.0 0.034 85.7 0.0 0.0 0.0 0.0
AnthonyRanaudo 7 P 0.458 0.66 91.6 0.025 82.8 0.0 0.0 0.208 77.5 0.107 83.3 0.0 0.0 0.0 0.0
EdwardMujica 64 P 0.477 0.441 90.9 0.232 83.9 0.0 0.0 0.0 0.0 0.0 0.0 0.327 85.6 0.0 0.0
KojiUehara 64 P 0.463 0.501 88.2 0.0 0.0 0.022 83.1 0.001 73.0 0.0 0.0 0.476 80.1 0.0 0.0
CraigBreslow 60 P 0.413 0.611 88.4 0.0 0.0 0.187 85.1 0.052 73.4 0.15 77.1 0.0 0.0 0.0 0.0
StevenWright 6 P 0.477 0.15 83.5 0.0 0.0 0.0 0.0 0.012 69.0 0.0 0.0 0.0 0.0 0.838 73.7
HeathHembree 6 P 0.47 0.778 91.9 0.192 85.2 0.0 0.0 0.0 0.0 0.03 87.2 0.0 0.0 0.0 0.0
MattBarnes 5 P 0.461 0.631 93.9 0.0 0.0 0.0 0.0 0.191 81.2 0.178 85.8 0.0 0.0 0.0 0.0
TomLayne 30 P 0.485 0.477 90.0 0.0 0.0 0.43 85.7 0.093 80.3 0.0 0.0 0.0 0.0 0.0 0.0
ClayBuchholz 28 P 0.433 0.449 91.6 0.0 0.0 0.247 87.8 0.162 77.4 0.114 81.7 0.028 85.6 0.0 0.0
EdwinEscobar 2 P 0.417 0.694 93.3 0.0 0.0 0.0 0.0 0.194 80.3 0.111 85.0 0.0 0.0 0.0 0.0
RubbydelaRosa 19 P 0.449 0.593 94.0 0.111 83.7 0.0 0.0 0.026 78.0 0.27 86.6 0.0 0.0 0.0 0.0
BrandonWorkman 19 P 0.466 0.55 90.4 0.0 0.0 0.191 86.2 0.218 76.3 0.041 83.6 0.0 0.0 0.0 0.0
AlexWilson 18 P 0.423 0.49 92.5 0.114 82.7 0.34 87.5 0.0 0.0 0.056 86.9 0.0 0.0 0.0 0.0
AllenWebster 11 P 0.401 0.603 92.0 0.171 84.0 0.0 0.0 0.012 76.5 0.216 83.7 0.0 0.0 0.0 0.0
MikeCarp 1 P 0.211 0.526 80.2 0.0 0.0 0.0 0.0 0.0 0.0 0.0 0.0 0.0 0.0 0.474 66.2