RyanDennick 8 P 0.363 0.543 90.2 0.319 81.2 0.0 0.0 0.0 0.0 0.138 81.3 0.0 0.0 0.0 0.0
DavidHolmberg 7 P 0.39 0.602 87.9 0.09 79.4 0.0 0.0 0.022 73.9 0.287 81.1 0.0 0.0 0.0 0.0
SamLeCure 62 P 0.432 0.569 87.4 0.037 79.9 0.0 0.0 0.298 73.4 0.095 80.4 0.0 0.0 0.0 0.0
CurtisPartch 6 P 0.433 0.711 95.8 0.211 85.5 0.0 0.0 0.0 0.0 0.078 85.2 0.0 0.0 0.0 0.0
J.J.Hoover 54 P 0.429 0.657 93.0 0.112 83.8 0.0 0.0 0.203 74.9 0.028 87.9 0.0 0.0 0.0 0.0
AroldisChapman 54 P 0.43 0.688 100.3 0.245 88.5 0.0 0.0 0.0 0.0 0.067 88.3 0.0 0.0 0.0 0.0
MannyParra 53 P 0.46 0.451 93.0 0.418 82.8 0.0 0.0 0.0 0.0 0.0 0.0 0.131 84.2 0.0 0.0
DanielCorcino 5 P 0.414 0.596 88.9 0.306 80.9 0.0 0.0 0.0 0.0 0.098 83.8 0.0 0.0 0.0 0.0
DylanAxelrod 5 P 0.42 0.505 88.9 0.341 82.4 0.0 0.0 0.053 74.2 0.102 80.7 0.0 0.0 0.0 0.0
LoganOndrusek 40 P 0.444 0.608 93.4 0.0 0.0 0.147 90.9 0.128 76.7 0.0 0.0 0.116 81.9 0.0 0.0
JumboDiaz 36 P 0.443 0.627 97.3 0.302 87.4 0.0 0.0 0.0 0.0 0.07 89.9 0.0 0.0 0.0 0.0
JohnnyCueto 34 P 0.405 0.474 93.1 0.098 85.0 0.232 88.8 0.045 81.2 0.152 84.1 0.0 0.0 0.0 0.0
MikeLeake 33 P 0.438 0.505 90.7 0.113 81.3 0.206 89.8 0.112 79.6 0.064 84.4 0.0 0.0 0.0 0.0
AlfredoSimon 32 P 0.45 0.585 94.0 0.0 0.0 0.133 88.3 0.112 77.4 0.0 0.0 0.17 84.4 0.0 0.0
HomerBailey 23 P 0.477 0.585 94.2 0.222 87.2 0.0 0.0 0.077 79.6 0.0 0.0 0.117 86.1 0.0 0.0
TrevorBell 2 P 0.444 0.833 92.2 0.056 85.5 0.0 0.0 0.0 0.0 0.111 83.3 0.0 0.0 0.0 0.0
CarlosContreras 17 P 0.377 0.769 93.3 0.0 0.0 0.0 0.0 0.131 81.2 0.1 86.3 0.0 0.0 0.0 0.0
MatLatos 16 P 0.415 0.657 90.7 0.143 85.5 0.0 0.0 0.081 76.2 0.119 80.3 0.0 0.0 0.0 0.0
SeanMarshall 15 P 0.454 0.275 87.5 0.366 82.3 0.0 0.0 0.359 73.3 0.0 0.0 0.0 0.0 0.0 0.0
TonyCingrani 13 P 0.461 0.743 91.3 0.125 79.0 0.0 0.0 0.002 73.0 0.131 86.1 0.0 0.0 0.0 0.0
PedroVillarreal 12 P 0.389 0.498 92.8 0.197 85.2 0.286 90.0 0.0 0.0 0.019 84.5 0.0 0.0 0.0 0.0
NickChristiani 10 P 0.553 0.766 92.4 0.076 84.0 0.152 91.0 0.0 0.0 0.006 85.0 0.0 0.0 0.0 0.0
SkipSchumaker 1 P 0.353 0.647 88.5 0.0 0.0 0.0 0.0 0.059 70.0 0.294 79.2 0.0 0.0 0.0 0.0