DonaldLutz 1B 9 0.59 0.426 0.754 0.418 0.789 0.556 0.444 0.0 0.0 0.975
JackHannahan 1B 9 0.62 0.282 0.63 0.546 0.825 0.667 0.333 0.0 0.0 0.985
JohnnyCueto P 9 0.73 0.409 0.579 0.839 0.877 1.0 0.0 0.0 0.0 0.952
BrayanPena 1B 88 0.83 0.328 0.689 0.804 0.923 0.727 0.205 0.011 0.057 0.997
RyanLudwick LF 87 0.68 0.341 0.732 0.552 0.842 0.667 0.23 0.0 0.103 1.0
JasonBourgeois CF 8 0.79 0.375 0.63 0.75 0.941 0.875 0.0 0.125 0.0 0.917
AlfredoSimon P 7 0.67 0.509 0.654 0.6 0.853 0.571 0.429 0.0 0.0 0.954
ChrisHeisey CF 61 0.73 0.354 0.726 0.638 0.806 0.59 0.246 0.033 0.131 1.0
HomerBailey P 6 0.61 0.298 0.58 0.647 0.831 1.0 0.0 0.0 0.0 1.0
YormanRodriguez CF 6 0.52 0.403 0.762 0.519 0.781 1.0 0.0 0.0 0.0 1.0
SkipSchumaker 2B 58 0.75 0.347 0.627 0.636 0.959 0.759 0.207 0.0 0.034 1.0
JoeyVotto 1B 56 0.64 0.218 0.648 0.697 0.875 0.607 0.286 0.0 0.107 0.988
RamonSantiago 2B 44 0.7 0.23 0.563 0.769 0.931 0.773 0.182 0.0 0.045 0.932
KristopherNegron 2B 39 0.66 0.361 0.692 0.563 0.851 0.564 0.256 0.026 0.154 0.983
NeftaliSoto 1B 3 0.74 0.459 0.831 0.643 0.878 0.667 0.333 0.0 0.0 1.0
TonyCingrani P 3 0.77 0.353 0.571 0.611 0.9 1.0 0.0 0.0 0.0 0.75
MatLatos P 3 0.59 0.179 0.625 0.7 0.7 1.0 0.0 0.0 0.0 1.0
JakeElmore 2B 2 0.58 0.25 0.579 0.833 1.0 1.0 0.0 0.0 0.0 1.0
ToddFrazier 1B 163 0.7 0.337 0.681 0.612 0.834 0.681 0.135 0.006 0.178 0.97
BillyHamilton CF 141 0.75 0.303 0.611 0.729 0.884 0.723 0.177 0.057 0.043 0.994
BrandonPhillips 2B 123 0.79 0.382 0.729 0.668 0.873 0.732 0.203 0.0 0.065 0.996
MikeLeake P 12 0.53 0.47 0.716 0.365 0.735 0.417 0.417 0.0 0.167 0.933
ZackCozart SS 112 0.8 0.317 0.67 0.744 0.929 0.759 0.161 0.045 0.036 0.984
JayBruce 1B 107 0.64 0.334 0.694 0.563 0.832 0.626 0.196 0.009 0.168 0.98
DevinMesoraco C 105 0.65 0.315 0.687 0.532 0.826 0.524 0.238 0.0 0.238 0.997
TuckerBarnhart C 10 0.77 0.253 0.723 0.708 0.863 0.9 0.0 0.0 0.1 1.0
DanielCorcino P 1 1.0 1.0 0.667 0.5 1.0 1.0 0.0 0.0 0.0 1.0
PedroVillarreal P 1 0.5 0.0 0.6 0.0 0.333 1.0 0.0 0.0 0.0 0.0
NickChristiani P 0 1.0 0.0 0.5 0.0 1.0 0.0 0.0 0.0 0.0 0.5
DavidHolmberg P 0 0.71 0.333 0.455 0.5 1.0 0.0 0.0 0.0 0.0 1.0
LoganOndrusek P 0 0.0 0.167 0.556 0.0 0.6 0.0 0.0 0.0 0.0 1.0
J.J.Hoover P 0 0.0 0.0 0.667 0.0 1.0 0.0 0.0 0.0 0.0 1.0
DylanAxelrod P 0 0.0 0.222 0.286 0.0 1.0 0.0 0.0 0.0 0.0 1.0
CarlosContreras P 0 0.0 1.0 0.5 0.0 1.0 0.0 0.0 0.0 0.0 1.0