BrettAnderson 8 P 0.491 0.502 89.8 0.336 80.6 0.0 0.0 0.102 74.4 0.06 82.6 0.0 0.0 0.0 0.0
AdamOttavino 75 P 0.475 0.52 94.3 0.472 82.5 0.0 0.0 0.0 0.0 0.008 87.5 0.0 0.0 0.0 0.0
RexBrothers 74 P 0.42 0.64 92.8 0.314 86.3 0.0 0.0 0.0 0.0 0.046 85.4 0.0 0.0 0.0 0.0
MattBelisle 66 P 0.505 0.655 91.3 0.245 86.1 0.0 0.0 0.081 74.3 0.019 86.8 0.0 0.0 0.0 0.0
LaTroyHawkins 57 P 0.51 0.749 93.2 0.161 87.8 0.0 0.0 0.079 78.3 0.011 83.3 0.0 0.0 0.0 0.0
TommyKahnle 54 P 0.451 0.703 94.6 0.12 84.4 0.0 0.0 0.0 0.0 0.177 87.3 0.0 0.0 0.0 0.0
NickMasset 51 P 0.41 0.53 92.8 0.0 0.0 0.165 90.7 0.232 78.7 0.0 0.0 0.074 86.8 0.0 0.0
WiltonLopez 4 P 0.444 0.626 90.3 0.174 82.0 0.0 0.0 0.0 0.0 0.2 84.0 0.0 0.0 0.0 0.0
TylerChatwood 4 P 0.418 0.822 92.6 0.124 85.4 0.0 0.0 0.048 77.7 0.006 84.0 0.0 0.0 0.0 0.0
FranklinMorales 38 P 0.471 0.557 91.3 0.266 87.1 0.0 0.0 0.108 74.1 0.069 82.2 0.0 0.0 0.0 0.0
BooneLogan 35 P 0.41 0.595 92.3 0.405 81.4 0.0 0.0 0.0 0.0 0.0 0.0 0.0 0.0 0.0 0.0
JuanNicasio 33 P 0.468 0.703 92.7 0.245 84.3 0.0 0.0 0.0 0.0 0.052 85.4 0.0 0.0 0.0 0.0
JorgedelaRosa 32 P 0.421 0.41 92.3 0.066 85.6 0.225 87.7 0.037 74.1 0.262 83.0 0.0 0.0 0.0 0.0
EddieButler 3 P 0.409 0.639 93.1 0.129 87.1 0.0 0.0 0.012 81.0 0.22 86.4 0.0 0.0 0.0 0.0
BrooksBrown 28 P 0.43 0.521 94.3 0.238 87.6 0.0 0.0 0.02 82.3 0.221 85.6 0.0 0.0 0.0 0.0
JordanLyles 22 P 0.418 0.65 91.3 0.188 87.0 0.0 0.0 0.085 80.9 0.077 82.0 0.0 0.0 0.0 0.0
ChadBettis 21 P 0.452 0.672 93.2 0.0 0.0 0.141 87.0 0.031 79.8 0.157 87.9 0.0 0.0 0.0 0.0
TylerMatzek 20 P 0.456 0.552 92.7 0.289 83.5 0.0 0.0 0.05 79.5 0.109 88.6 0.0 0.0 0.0 0.0
JairJurrjens 2 P 0.438 0.615 89.6 0.174 79.1 0.0 0.0 0.0 0.0 0.21 83.5 0.0 0.0 0.0 0.0
YohanFlande 16 P 0.432 0.62 90.2 0.161 83.6 0.0 0.0 0.0 0.0 0.219 84.8 0.0 0.0 0.0 0.0
ChristianFriedrich 16 P 0.414 0.56 91.5 0.299 85.7 0.0 0.0 0.084 76.6 0.058 87.2 0.0 0.0 0.0 0.0
ChrisMartin 16 P 0.486 0.64 94.3 0.17 82.5 0.19 90.3 0.0 0.0 0.0 0.0 0.0 0.0 0.0 0.0
RobScahill 12 P 0.446 0.564 93.8 0.282 89.1 0.0 0.0 0.079 79.4 0.075 87.3 0.0 0.0 0.0 0.0
JhoulysChacin 11 P 0.445 0.564 88.0 0.222 78.6 0.0 0.0 0.09 74.4 0.124 81.2 0.0 0.0 0.0 0.0
ChristianBergman 10 P 0.486 0.544 89.0 0.251 85.0 0.0 0.0 0.069 76.8 0.136 81.9 0.0 0.0 0.0 0.0
PedroHernandez 1 P 0.43 0.564 86.0 0.0 0.0 0.34 81.7 0.0 0.0 0.096 80.6 0.0 0.0 0.0 0.0