JordanLyles P 9 0.54 0.202 0.491 0.6 0.782 0.556 0.333 0.0 0.111 0.968
JorgedelaRosa P 9 0.6 0.454 0.606 0.51 0.712 1.0 0.0 0.0 0.0 0.936
JoshRutledge 2B 83 0.68 0.316 0.662 0.624 0.889 0.675 0.193 0.084 0.048 0.961
BrandonBarnes CF 75 0.63 0.414 0.786 0.556 0.773 0.613 0.227 0.053 0.107 0.99
MattMcBride 1B 7 0.56 0.348 0.702 0.5 0.9 0.429 0.286 0.0 0.286 1.0
TylerMatzek P 7 0.65 0.228 0.6 0.667 0.902 0.857 0.143 0.0 0.0 0.926
MichaelCuddyer 1B 63 0.79 0.368 0.674 0.73 0.868 0.587 0.238 0.016 0.159 1.0
CarlosGonzalez LF 62 0.68 0.404 0.752 0.573 0.819 0.565 0.242 0.016 0.177 0.986
MichaelMcKenry C 53 0.66 0.275 0.676 0.604 0.872 0.679 0.17 0.0 0.151 0.983
JhoulysChacin P 5 0.71 0.279 0.615 0.75 0.813 0.8 0.2 0.0 0.0 0.923
KyleParker 1B 5 0.46 0.429 0.796 0.583 0.692 0.8 0.2 0.0 0.0 1.0
CharlieCulberson 1B 41 0.66 0.451 0.626 0.625 0.833 0.707 0.171 0.049 0.073 0.971
JacksonWilliams C 3 0.63 0.114 0.692 0.5 0.944 0.667 0.0 0.0 0.333 1.0
FranklinMorales P 3 0.54 0.254 0.486 0.412 0.853 1.0 0.0 0.0 0.0 0.839
RafaelYnoa 2B 23 0.82 0.316 0.687 0.646 0.962 0.696 0.261 0.043 0.0 1.0
BenPaulsen 1B 20 0.67 0.371 0.704 0.717 0.803 0.6 0.2 0.0 0.2 1.0
BrettAnderson P 2 0.53 0.241 0.3 0.571 0.778 0.0 1.0 0.0 0.0 1.0
JuanNicasio P 2 0.52 0.267 0.611 0.625 0.636 1.0 0.0 0.0 0.0 0.944
CharlieBlackmon CF 171 0.78 0.39 0.701 0.754 0.926 0.713 0.158 0.018 0.111 1.0
JustinMorneau 1B 160 0.82 0.396 0.793 0.763 0.913 0.675 0.2 0.019 0.106 0.997
CoreyDickerson CF 136 0.71 0.384 0.704 0.714 0.813 0.581 0.199 0.044 0.176 0.975
DJLeMahieu 1B 132 0.75 0.317 0.687 0.735 0.917 0.811 0.114 0.038 0.038 0.991
RyanWheeler 1B 13 0.73 0.331 0.684 0.769 0.925 0.692 0.154 0.0 0.154 1.0
NolanArenado 3B 124 0.81 0.386 0.716 0.779 0.894 0.565 0.274 0.016 0.145 0.959
DrewStubbs CF 112 0.61 0.23 0.622 0.507 0.807 0.634 0.196 0.036 0.134 0.969
TroyTulowitzki SS 107 0.7 0.283 0.606 0.718 0.896 0.626 0.168 0.009 0.196 0.99
WilinRosario 1B 102 0.77 0.399 0.729 0.625 0.865 0.627 0.245 0.0 0.127 0.989
ChristianBergman P 1 0.7 0.531 0.462 0.588 1.0 1.0 0.0 0.0 0.0 1.0
CristhianAdames 2B 1 0.67 0.438 0.524 0.571 1.0 1.0 0.0 0.0 0.0 1.0
ChristianFriedrich P 1 0.6 0.167 0.333 0.5 1.0 1.0 0.0 0.0 0.0 0.857
YohanFlande P 1 0.59 0.462 0.333 0.75 0.857 1.0 0.0 0.0 0.0 1.0
TylerChatwood P 1 0.5 0.267 0.292 0.75 0.857 1.0 0.0 0.0 0.0 0.5
MattBelisle P 0 1.0 0.0 0.5 0.0 1.0 0.0 0.0 0.0 0.0 0.947
JairJurrjens P 0 1.0 0.0 1.0 0.0 1.0 0.0 0.0 0.0 0.0 0.0
TommyKahnle P 0 0.75 0.333 0.375 0.0 1.0 0.0 0.0 0.0 0.0 0.867
ChadBettis P 0 0.67 0.167 0.25 0.0 1.0 0.0 0.0 0.0 0.0 0.909
JasonPridie LF 0 0.5 0.167 0.714 0.0 1.0 0.0 0.0 0.0 0.0 1.0
EddieButler P 0 0.5 0.333 0.7 0.2 0.857 0.0 0.0 0.0 0.0 1.0
LaTroyHawkins P 0 0.0 0.0 0.0 0.0 0.0 0.0 0.0 0.0 0.0 0.909
PedroHernandez P 0 0.0 0.4 0.25 0.0 0.0 0.0 0.0 0.0 0.0 1.0
BrooksBrown P 0 0.0 0.0 0.25 0.0 1.0 0.0 0.0 0.0 0.0 1.0