MikeMoustakas 3B 97 0.78 0.338 0.692 0.797 0.875 0.619 0.216 0.01 0.155 0.947
JohnnyGiavotella 2B 8 0.8 0.288 0.634 0.79 0.844 0.75 0.125 0.0 0.125 0.979
JarrodDyson CF 70 0.74 0.238 0.606 0.73 0.919 0.871 0.057 0.057 0.014 0.983
BrettHayes C 7 0.75 0.641 0.563 0.62 0.911 0.714 0.143 0.0 0.143 1.0
JustinMaxwell CF 6 0.47 0.438 0.739 0.531 0.745 0.833 0.167 0.0 0.0 1.0
JamesShields P 2 0.86 0.235 0.867 0.75 0.846 0.5 0.5 0.0 0.0 0.923
CarlosPeguero RF 2 0.4 0.435 0.5 0.1 0.833 0.5 0.5 0.0 0.0 1.0
AlcidesEscobar SS 165 0.82 0.366 0.691 0.74 0.895 0.745 0.206 0.03 0.018 0.976
AlexGordon LF 150 0.69 0.263 0.655 0.586 0.885 0.64 0.227 0.007 0.127 0.994
SalvadorPerez C 150 0.82 0.462 0.682 0.772 0.928 0.687 0.187 0.013 0.113 0.992
ChristianColon 2B 15 0.86 0.33 0.598 0.724 0.898 0.6 0.333 0.067 0.0 1.0
BillyButler 1B 149 0.76 0.341 0.648 0.693 0.905 0.725 0.215 0.0 0.06 0.993
LorenzoCain CF 142 0.73 0.353 0.668 0.593 0.888 0.732 0.204 0.028 0.035 0.996
NoriAoki LF 140 0.82 0.264 0.661 0.82 0.948 0.793 0.157 0.043 0.007 0.991
EricHosmer 1B 136 0.76 0.372 0.667 0.746 0.906 0.669 0.257 0.007 0.066 0.991
OmarInfante 2B 133 0.82 0.28 0.579 0.762 0.909 0.774 0.158 0.023 0.045 0.978
PedroCiriaco 2B 10 0.8 0.449 0.692 0.675 0.873 0.8 0.2 0.0 0.0 1.0
YordanoVentura P 1 0.4 0.25 0.5 0.5 0.6 1.0 0.0 0.0 0.0 0.958
JeremyGuthrie P 0 0.71 0.0 0.6 0.0 0.889 0.0 0.0 0.0 0.0 0.857
DannyDuffy P 0 0.57 0.2 0.546 0.333 0.667 0.0 0.0 0.0 0.0 0.762
TerranceGore LF 0 0.5 0.429 0.6 0.667 0.667 0.0 0.0 0.0 0.0 1.0
LaneAdams CF 0 0.33 0.8 0.556 0.25 1.0 0.0 0.0 0.0 0.0 0.0
FranciscoPena C 0 0.0 0.0 0.0 0.0 0.0 0.0 0.0 0.0 0.0 1.0