WadeDavis 71 P 0.478 0.61 95.7 0.0 0.0 0.2 91.8 0.189 84.6 0.0 0.0 0.0 0.0 0.0 0.0
KelvinHerrera 70 P 0.431 0.745 98.1 0.0 0.0 0.0 0.0 0.062 81.2 0.193 89.4 0.0 0.0 0.0 0.0
BrandonFinnegan 7 P 0.463 0.719 92.5 0.124 80.5 0.0 0.0 0.0 0.0 0.157 83.4 0.0 0.0 0.0 0.0
AaronCrow 67 P 0.451 0.647 92.0 0.315 82.0 0.0 0.0 0.0 0.0 0.038 85.6 0.0 0.0 0.0 0.0
GregHolland 65 P 0.444 0.547 95.8 0.43 85.7 0.0 0.0 0.0 0.0 0.0 0.0 0.023 88.0 0.0 0.0
JamesShields 34 P 0.441 0.414 92.4 0.0 0.0 0.242 86.7 0.125 79.6 0.219 85.3 0.0 0.0 0.0 0.0
JeremyGuthrie 32 P 0.476 0.535 91.7 0.183 85.9 0.0 0.0 0.085 74.6 0.196 85.8 0.0 0.0 0.0 0.0
DannyDuffy 31 P 0.484 0.681 93.2 0.0 0.0 0.0 0.0 0.225 77.8 0.094 82.9 0.0 0.0 0.0 0.0
LouisColeman 31 P 0.404 0.621 88.6 0.378 81.0 0.0 0.0 0.0 0.0 0.002 79.0 0.0 0.0 0.0 0.0
YordanoVentura 31 P 0.477 0.654 97.0 0.0 0.0 0.05 94.3 0.145 82.8 0.152 87.5 0.0 0.0 0.0 0.0
FrancisleyBueno 30 P 0.467 0.602 89.4 0.233 78.4 0.0 0.0 0.0 0.0 0.103 84.2 0.063 82.8 0.0 0.0
JasonVargas 30 P 0.403 0.574 87.3 0.0 0.0 0.0 0.0 0.121 74.8 0.305 80.4 0.0 0.0 0.0 0.0
TimCollins 22 P 0.481 0.589 92.3 0.0 0.0 0.0 0.0 0.195 73.7 0.216 83.2 0.0 0.0 0.0 0.0
WilkingRodriguez 2 P 0.313 0.818 94.8 0.0 0.0 0.0 0.0 0.061 77.0 0.121 86.0 0.0 0.0 0.0 0.0
AaronBrooks 2 P 0.402 0.621 91.9 0.172 85.9 0.0 0.0 0.012 79.0 0.195 83.2 0.0 0.0 0.0 0.0
MichaelMariot 17 P 0.423 0.62 91.6 0.208 81.7 0.0 0.0 0.04 75.5 0.132 85.9 0.0 0.0 0.0 0.0
BruceChen 13 P 0.491 0.389 84.2 0.309 81.4 0.0 0.0 0.127 72.1 0.175 75.3 0.0 0.0 0.0 0.0
CaseyColeman 10 P 0.504 0.701 94.0 0.229 84.9 0.0 0.0 0.065 80.0 0.004 85.0 0.0 0.0 0.0 0.0
DonnieJoseph 1 P 0.379 0.433 89.3 0.567 82.6 0.0 0.0 0.0 0.0 0.0 0.0 0.0 0.0 0.0 0.0
JustinMarks 1 P 0.37 0.618 90.0 0.236 78.2 0.0 0.0 0.036 74.0 0.109 83.2 0.0 0.0 0.0 0.0