AlexAvila 1B 85 0.53 0.216 0.67 0.424 0.786 0.612 0.259 0.0 0.129 0.995
DannyWorth 1B 7 0.67 0.246 0.618 0.625 0.897 0.857 0.143 0.0 0.0 1.0
TylerCollins CF 6 0.8 0.365 0.628 0.632 0.815 0.833 0.0 0.0 0.167 1.0
EugenioSuarez 3B 59 0.66 0.245 0.574 0.59 0.86 0.763 0.153 0.017 0.068 0.968
AndrewRomine 2B 57 0.71 0.299 0.68 0.601 0.905 0.86 0.105 0.0 0.035 0.976
AlexGonzalez 3B 5 0.81 0.262 0.706 0.625 0.896 0.8 0.0 0.2 0.0 0.903
DonKelly 1B 40 0.73 0.285 0.638 0.717 0.913 0.85 0.125 0.025 0.0 0.975
BryanHoladay C 36 0.73 0.368 0.709 0.576 0.902 0.833 0.139 0.028 0.0 0.981
JamesMcCann C 3 0.83 0.471 0.684 0.5 0.692 0.667 0.333 0.0 0.0 1.0
StevenMoya RF 3 0.75 0.438 0.714 0.857 0.7 1.0 0.0 0.0 0.0 0.0
JustinVerlander P 2 1.0 0.222 0.583 0.5 1.0 1.0 0.0 0.0 0.0 0.846
MiguelCabrera 1B 191 0.74 0.357 0.729 0.637 0.898 0.592 0.272 0.005 0.131 0.995
VictorMartinez 1B 188 0.82 0.35 0.591 0.881 0.95 0.654 0.176 0.0 0.17 0.989
IanKinsler 2B 188 0.84 0.31 0.651 0.765 0.969 0.676 0.213 0.021 0.09 0.988
EzequielCarrera CF 18 0.75 0.336 0.638 0.636 0.973 0.722 0.222 0.056 0.0 1.0
ToriiHunter RF 157 0.8 0.36 0.737 0.633 0.875 0.669 0.21 0.013 0.108 0.978
J.D.Martinez LF 139 0.67 0.377 0.78 0.558 0.818 0.597 0.216 0.022 0.165 0.974
NickCastellanos 3B 138 0.69 0.336 0.743 0.51 0.849 0.667 0.225 0.029 0.08 0.95
RajaiDavis CF 130 0.79 0.343 0.687 0.674 0.921 0.715 0.208 0.015 0.062 0.977
AnibalSanchez P 1 0.4 0.444 0.667 0.5 0.667 0.0 1.0 0.0 0.0 1.0
RobbieRay P 1 1.0 0.0 0.6 0.0 1.0 1.0 0.0 0.0 0.0 1.0
HernanPerez 2B 1 0.67 0.357 0.5 0.4 1.0 1.0 0.0 0.0 0.0 1.0
IanKrol P 0 1.0 0.5 0.333 1.0 1.0 0.0 0.0 0.0 0.0 1.0
MaxScherzer P 0 0.75 0.25 0.625 1.0 0.8 0.0 0.0 0.0 0.0 0.963
RickPorcello P 0 0.6 0.0 0.444 0.0 1.0 0.0 0.0 0.0 0.0 0.897
JobaChamberlain P 0 0.0 0.0 1.0 0.0 0.0 0.0 0.0 0.0 0.0 1.0
DrewSmyly P 0 0.0 0.0 0.333 0.0 0.0 0.0 0.0 0.0 0.0 0.962