RobbieRay 9 P 0.48 0.616 91.3 0.073 81.1 0.0 0.0 0.048 76.0 0.263 83.4 0.0 0.0 0.0 0.0
JustinMiller 8 P 0.534 0.622 91.8 0.378 81.8 0.0 0.0 0.0 0.0 0.0 0.0 0.0 0.0 0.0 0.0
CoreyKnebel 8 P 0.473 0.608 94.3 0.0 0.0 0.0 0.0 0.363 80.8 0.029 86.4 0.0 0.0 0.0 0.0
AlAlburquerque 72 P 0.449 0.363 93.6 0.637 85.4 0.0 0.0 0.0 0.0 0.0 0.0 0.0 0.0 0.0 0.0
KyleLobstein 7 P 0.382 0.582 88.4 0.0 0.0 0.212 83.6 0.053 76.4 0.154 80.9 0.0 0.0 0.0 0.0
JobaChamberlain 69 P 0.469 0.441 93.5 0.338 84.7 0.0 0.0 0.211 78.9 0.01 83.9 0.0 0.0 0.0 0.0
JoeNathan 62 P 0.418 0.55 91.6 0.29 86.5 0.0 0.0 0.145 81.8 0.014 86.4 0.0 0.0 0.0 0.0
PhilCoke 62 P 0.434 0.637 93.7 0.19 79.6 0.029 89.9 0.0 0.0 0.145 83.8 0.0 0.0 0.0 0.0
KyleRyan 6 P 0.46 0.65 89.4 0.11 80.9 0.184 87.8 0.0 0.0 0.055 84.9 0.0 0.0 0.0 0.0
IanKrol 45 P 0.478 0.666 91.8 0.0 0.0 0.0 0.0 0.237 78.0 0.098 84.3 0.0 0.0 0.0 0.0
BuckFarmer 4 P 0.407 0.577 93.1 0.16 81.4 0.0 0.0 0.0 0.0 0.263 84.6 0.0 0.0 0.0 0.0
BlaineHardy 38 P 0.459 0.409 89.1 0.19 85.1 0.0 0.0 0.211 77.9 0.19 79.5 0.0 0.0 0.0 0.0
MaxScherzer 33 P 0.482 0.551 92.8 0.136 84.9 0.0 0.0 0.103 77.4 0.21 83.9 0.0 0.0 0.0 0.0
EvanReed 32 P 0.441 0.668 96.0 0.301 83.9 0.0 0.0 0.0 0.0 0.031 87.6 0.0 0.0 0.0 0.0
RickPorcello 32 P 0.464 0.587 90.4 0.122 85.3 0.0 0.0 0.156 77.2 0.136 81.7 0.0 0.0 0.0 0.0
JustinVerlander 32 P 0.447 0.558 92.3 0.151 85.6 0.0 0.0 0.159 79.1 0.132 83.4 0.0 0.0 0.0 0.0
AnibalSanchez 22 P 0.464 0.473 92.1 0.233 86.6 0.0 0.0 0.082 79.1 0.213 84.7 0.0 0.0 0.0 0.0
DannyWorth 2 P 0.457 0.028 88.0 0.0 0.0 0.0 0.0 0.0 0.0 0.0 0.0 0.0 0.0 0.972 67.9
LukePutkonen 2 P 0.379 0.644 91.4 0.0 0.0 0.0 0.0 0.237 77.1 0.0 0.0 0.119 83.1 0.0 0.0
PatMcCoy 14 P 0.464 0.665 91.2 0.256 83.6 0.0 0.0 0.0 0.0 0.079 85.6 0.0 0.0 0.0 0.0
ChadSmith 10 P 0.426 0.842 93.2 0.158 85.2 0.0 0.0 0.0 0.0 0.0 0.0 0.0 0.0 0.0 0.0
AndrewRomine 1 P 0.231 0.889 85.8 0.0 0.0 0.0 0.0 0.037 74.0 0.037 77.0 0.0 0.0 0.037 74.0
KevinWhelan 1 P 0.447 0.553 92.7 0.184 84.4 0.0 0.0 0.0 0.0 0.0 0.0 0.263 84.3 0.0 0.0
JoseOrtega 1 P 0.2 0.771 92.5 0.171 81.0 0.0 0.0 0.0 0.0 0.057 86.0 0.0 0.0 0.0 0.0
MelvinMercedes 1 P 0.478 0.652 93.5 0.13 80.7 0.0 0.0 0.0 0.0 0.217 83.8 0.0 0.0 0.0 0.0
DrewVerHagen 1 P 0.476 0.683 90.6 0.0 0.0 0.0 0.0 0.159 74.4 0.0 0.0 0.159 81.9 0.0 0.0