CaseyFien 73 P 0.506 0.535 92.9 0.071 78.9 0.394 87.8 0.0 0.0 0.0 0.0 0.0 0.0 0.0 0.0
AaronThompson 7 P 0.52 0.49 89.1 0.49 79.8 0.0 0.0 0.01 72.0 0.01 83.0 0.0 0.0 0.0 0.0
LesterOliveros 7 P 0.504 0.781 93.8 0.187 82.9 0.0 0.0 0.0 0.0 0.033 80.0 0.0 0.0 0.0 0.0
LoganDarnell 7 P 0.466 0.546 89.8 0.208 82.9 0.0 0.0 0.066 69.3 0.18 80.9 0.0 0.0 0.0 0.0
A.J.Achter 7 P 0.428 0.621 90.2 0.166 78.7 0.0 0.0 0.0 0.0 0.213 82.9 0.0 0.0 0.0 0.0
JaredBurton 68 P 0.462 0.49 91.5 0.143 84.8 0.0 0.0 0.0 0.0 0.367 86.8 0.0 0.0 0.0 0.0
GlenPerkins 63 P 0.507 0.744 93.4 0.256 83.3 0.0 0.0 0.0 0.0 0.0 0.0 0.0 0.0 0.0 0.0
BrianDuensing 62 P 0.444 0.587 91.1 0.268 81.8 0.0 0.0 0.056 72.9 0.089 85.2 0.0 0.0 0.0 0.0
CalebThielbar 54 P 0.488 0.638 88.8 0.273 78.1 0.0 0.0 0.046 69.4 0.043 80.8 0.0 0.0 0.0 0.0
AnthonySwarzak 50 P 0.493 0.687 92.2 0.275 84.2 0.0 0.0 0.0 0.0 0.038 83.7 0.0 0.0 0.0 0.0
MikePelfrey 5 P 0.433 0.799 90.8 0.081 83.8 0.0 0.0 0.035 74.1 0.0 0.0 0.085 84.1 0.0 0.0
PhilHughes 32 P 0.564 0.648 92.1 0.0 0.0 0.207 88.5 0.144 76.2 0.002 83.5 0.0 0.0 0.0 0.0
KyleGibson 31 P 0.398 0.626 91.3 0.218 84.4 0.0 0.0 0.032 80.0 0.125 83.4 0.0 0.0 0.0 0.0
KrisJohnson 3 P 0.372 0.658 91.6 0.173 83.0 0.0 0.0 0.016 75.8 0.154 84.2 0.0 0.0 0.0 0.0
MattGuerrier 27 P 0.353 0.64 89.7 0.251 87.3 0.0 0.0 0.054 77.1 0.056 82.0 0.0 0.0 0.0 0.0
RickyNolasco 27 P 0.43 0.491 90.1 0.268 81.6 0.0 0.0 0.137 73.8 0.0 0.0 0.104 79.6 0.0 0.0
RyanPressly 25 P 0.488 0.459 93.3 0.336 87.6 0.0 0.0 0.205 81.1 0.0 0.0 0.0 0.0 0.0 0.0
MichaelTonkin 25 P 0.468 0.798 93.4 0.19 82.3 0.0 0.0 0.0 0.0 0.012 86.8 0.0 0.0 0.0 0.0
YohanPino 11 P 0.445 0.584 88.3 0.229 80.1 0.0 0.0 0.065 72.9 0.122 81.9 0.0 0.0 0.0 0.0
TrevorMay 10 P 0.482 0.601 91.9 0.105 82.0 0.0 0.0 0.129 76.6 0.165 83.4 0.0 0.0 0.0 0.0