OswaldoArcia RF 86 0.6 0.387 0.73 0.543 0.752 0.547 0.186 0.035 0.233 0.976
PedroFlorimon SS 7 0.65 0.215 0.656 0.378 0.867 0.714 0.143 0.143 0.0 0.983
ChrisParmelee 1B 64 0.69 0.317 0.703 0.724 0.844 0.719 0.172 0.0 0.109 0.995
KennysVargas 1B 59 0.67 0.385 0.746 0.513 0.888 0.661 0.169 0.017 0.153 0.97
EduardoNunez 2B 51 0.83 0.399 0.653 0.779 0.931 0.706 0.137 0.078 0.078 0.909
ChrisColabello 1B 47 0.63 0.284 0.672 0.528 0.774 0.596 0.277 0.0 0.128 0.989
AaronHicks CF 40 0.59 0.2 0.604 0.62 0.887 0.775 0.2 0.0 0.025 0.988
JosmilPinto C 37 0.62 0.254 0.622 0.692 0.874 0.595 0.216 0.0 0.189 0.973
JasonKubel LF 35 0.55 0.221 0.634 0.537 0.793 0.771 0.171 0.029 0.029 1.0
JorgePolanco SS 2 0.5 0.13 0.333 1.0 0.667 0.0 0.5 0.5 0.0 1.0
DougBernier 2B 2 0.56 0.095 0.667 1.0 0.938 1.0 0.0 0.0 0.0 1.0
EricFryer C 16 0.74 0.226 0.626 0.571 0.897 0.688 0.25 0.0 0.063 0.994
ChrisHerrmann C 16 0.73 0.313 0.68 0.634 0.84 0.813 0.188 0.0 0.0 0.95
BrianDozier 2B 145 0.68 0.284 0.52 0.793 0.878 0.607 0.228 0.007 0.159 0.98
TrevorPlouffe 3B 134 0.71 0.258 0.637 0.647 0.881 0.582 0.299 0.015 0.104 0.96
KurtSuzuki C 130 0.82 0.258 0.603 0.813 0.937 0.715 0.262 0.0 0.023 0.995
DannySantana CF 129 0.72 0.403 0.631 0.659 0.873 0.682 0.209 0.054 0.054 0.977
JoeMauer 1B 126 0.7 0.254 0.559 0.773 0.888 0.738 0.214 0.016 0.032 0.997
EduardoEscobar 2B 119 0.74 0.404 0.674 0.704 0.893 0.639 0.294 0.017 0.05 0.986
KyleGibson P 1 0.5 0.2 0.333 0.0 1.0 1.0 0.0 0.0 0.0 1.0
PhilHughes P 0 0.33 0.546 0.7 0.333 0.429 0.0 0.0 0.0 0.0 0.947
KrisJohnson P 0 0.0 0.5 0.5 1.0 0.0 0.0 0.0 0.0 0.0 1.0
RickyNolasco P 0 0.0 0.333 0.75 0.0 0.667 0.0 0.0 0.0 0.0 1.0
JasonBartlett LF 0 0.0 0.3 0.833 0.0 0.6 0.0 0.0 0.0 0.0 0.0