TylerFlowers C 98 0.57 0.35 0.696 0.513 0.759 0.673 0.163 0.01 0.153 0.992
JoshPhegley C 8 0.71 0.429 0.717 0.63 0.861 0.375 0.25 0.0 0.375 0.989
MichaelTaylor LF 7 0.58 0.312 0.516 0.667 0.875 0.857 0.143 0.0 0.0 1.0
AndyWilkins 1B 6 0.47 0.391 0.682 0.561 0.783 0.667 0.333 0.0 0.0 1.0
MarcusSemien 2B 54 0.64 0.277 0.596 0.644 0.862 0.667 0.185 0.037 0.111 0.896
PaulKonerko 1B 43 0.71 0.338 0.635 0.637 0.864 0.698 0.186 0.0 0.116 1.0
AvisailGarcia RF 42 0.68 0.422 0.756 0.52 0.789 0.643 0.19 0.0 0.167 0.978
JordanDanks CF 26 0.55 0.262 0.761 0.405 0.733 0.846 0.077 0.0 0.077 0.986
AdrianNieto C 25 0.6 0.279 0.604 0.536 0.824 0.72 0.2 0.0 0.08 0.995
CarlosSanchez 2B 25 0.73 0.386 0.639 0.593 0.926 0.8 0.2 0.0 0.0 0.992
LeuryGarcia 2B 24 0.66 0.386 0.693 0.679 0.835 0.833 0.125 0.0 0.042 0.972
JoseAbreu 1B 176 0.69 0.416 0.754 0.593 0.847 0.585 0.199 0.011 0.205 0.994
AlexeiRamirez SS 170 0.83 0.378 0.67 0.694 0.942 0.694 0.206 0.012 0.088 0.978
AdamEaton CF 146 0.76 0.306 0.583 0.761 0.962 0.747 0.178 0.068 0.007 0.988
ConorGillaspie 3B 131 0.77 0.336 0.703 0.727 0.92 0.672 0.237 0.038 0.053 0.961
DayanViciedo 1B 121 0.72 0.362 0.732 0.634 0.834 0.62 0.182 0.025 0.174 0.972
JohnDanks P 1 0.67 0.333 0.833 0.0 0.8 1.0 0.0 0.0 0.0 0.966
FelipePaulino P 0 1.0 0.0 1.0 0.0 1.0 0.0 0.0 0.0 0.0 1.0
ErikJohnson P 0 1.0 1.0 0.75 1.0 0.833 0.0 0.0 0.0 0.0 1.0
HectorNoesi P 0 0.75 0.0 0.444 0.0 0.75 0.0 0.0 0.0 0.0 0.963
JoseQuintana P 0 0.6 0.4 0.6 0.25 0.889 0.0 0.0 0.0 0.0 1.0
ChrisSale P 0 0.33 0.556 0.6 0.4 0.667 0.0 0.0 0.0 0.0 1.0
AndreRienzo P 0 0.0 0.0 0.0 0.0 0.0 0.0 0.0 0.0 0.0 0.824