DonnieVeal 7 P 0.444 0.646 92.5 0.0 0.0 0.0 0.0 0.276 76.7 0.079 81.0 0.0 0.0 0.0 0.0
JakePetricka 67 P 0.491 0.697 94.2 0.123 86.2 0.0 0.0 0.0 0.0 0.181 86.0 0.0 0.0 0.0 0.0
RonaldBelisario 62 P 0.517 0.767 93.9 0.181 86.1 0.01 90.4 0.0 0.0 0.0 0.0 0.042 87.6 0.0 0.0
ChrisBassitt 6 P 0.461 0.483 91.8 0.263 83.8 0.0 0.0 0.182 72.3 0.073 83.1 0.0 0.0 0.0 0.0
DanielWebb 57 P 0.401 0.68 95.4 0.172 84.8 0.0 0.0 0.0 0.0 0.147 86.2 0.0 0.0 0.0 0.0
TaylorThompson 5 P 0.313 0.652 90.8 0.161 84.0 0.0 0.0 0.0 0.0 0.0 0.0 0.188 86.6 0.0 0.0
ErikJohnson 5 P 0.368 0.473 89.6 0.411 85.7 0.0 0.0 0.059 72.6 0.057 80.3 0.0 0.0 0.0 0.0
ZachPutnam 49 P 0.372 0.181 90.1 0.256 87.8 0.0 0.0 0.0 0.0 0.0 0.0 0.564 84.5 0.0 0.0
JavyGuerra 42 P 0.479 0.578 93.9 0.216 89.2 0.0 0.0 0.165 77.4 0.041 86.3 0.0 0.0 0.0 0.0
FrankFrancisco 4 P 0.54 0.67 92.2 0.0 0.0 0.0 0.0 0.05 77.0 0.0 0.0 0.28 82.3 0.0 0.0
FelipePaulino 4 P 0.419 0.523 92.9 0.224 84.6 0.0 0.0 0.077 75.5 0.176 85.2 0.0 0.0 0.0 0.0
ScottSnodgress 4 P 0.468 0.476 91.0 0.429 82.3 0.0 0.0 0.064 76.5 0.032 82.0 0.0 0.0 0.0 0.0
EricSurkamp 35 P 0.426 0.426 88.8 0.0 0.0 0.196 82.8 0.262 78.0 0.116 79.8 0.0 0.0 0.0 0.0
MattLindstrom 35 P 0.494 0.523 93.1 0.178 82.6 0.288 87.3 0.0 0.0 0.0 0.0 0.011 85.2 0.0 0.0
JohnDanks 32 P 0.469 0.444 88.6 0.0 0.0 0.186 84.2 0.088 73.5 0.282 79.9 0.0 0.0 0.0 0.0
JoseQuintana 32 P 0.465 0.57 91.6 0.0 0.0 0.055 90.1 0.246 80.3 0.129 85.6 0.0 0.0 0.0 0.0
MaikelCleto 28 P 0.463 0.657 97.1 0.237 84.3 0.0 0.0 0.0 0.0 0.066 91.5 0.04 85.0 0.0 0.0
ScottCarroll 26 P 0.435 0.582 89.7 0.033 81.6 0.083 86.9 0.134 76.6 0.168 82.5 0.0 0.0 0.0 0.0
ChrisSale 26 P 0.468 0.529 93.8 0.185 79.8 0.0 0.0 0.0 0.0 0.286 84.7 0.0 0.0 0.0 0.0
NateJones 2 P 0.37 0.621 95.8 0.241 88.9 0.0 0.0 0.0 0.0 0.138 85.5 0.0 0.0 0.0 0.0
AndreRienzo 18 P 0.454 0.319 91.2 0.0 0.0 0.413 86.8 0.217 78.2 0.041 84.0 0.01 81.7 0.0 0.0
AdamDunn 1 P 0.182 0.864 80.7 0.091 77.5 0.0 0.0 0.046 74.0 0.0 0.0 0.0 0.0 0.0 0.0
LeuryGarcia 1 P 0.261 0.76 84.3 0.0 0.0 0.0 0.0 0.0 0.0 0.24 76.0 0.0 0.0 0.0 0.0
CharlieLeesman 1 P 0.562 0.781 86.5 0.178 79.5 0.0 0.0 0.0 0.0 0.041 78.7 0.0 0.0 0.0 0.0