MarkTeixeira 1B 95 0.66 0.281 0.627 0.655 0.879 0.621 0.147 0.0 0.232 0.994
CarlosBeltran 1B 94 0.73 0.303 0.644 0.674 0.941 0.596 0.245 0.0 0.16 0.946
JosePirela 2B 8 0.8 0.393 0.6 0.773 0.833 0.625 0.125 0.25 0.0 0.917
BrianRoberts 2B 75 0.76 0.306 0.722 0.778 0.916 0.667 0.213 0.053 0.067 0.974
AlfonsoSoriano LF 50 0.67 0.428 0.72 0.559 0.802 0.58 0.3 0.0 0.12 0.931
ScottSizemore 1B 5 0.5 0.281 0.529 0.444 0.833 0.6 0.4 0.0 0.0 1.0
ZoiloAlmonte LF 5 0.61 0.493 0.678 0.706 0.775 0.8 0.0 0.0 0.2 1.0
AntoanRichardson CF 5 0.76 0.216 0.703 0.875 0.923 1.0 0.0 0.0 0.0 1.0
FranciscoCervelli 1B 44 0.65 0.22 0.651 0.447 0.885 0.682 0.25 0.023 0.045 0.997
DeanAnna 2B 3 0.68 0.154 0.771 0.75 0.838 0.333 0.333 0.0 0.333 0.947
AustinRomine 1B 3 0.69 0.45 0.8 0.778 0.65 0.667 0.333 0.0 0.0 1.0
JRMurphy C 23 0.69 0.388 0.638 0.609 0.895 0.783 0.174 0.0 0.043 0.994
EuryPerez CF 2 0.7 0.357 0.727 0.6 0.813 1.0 0.0 0.0 0.0 0.75
BrendanRyan 1B 19 0.7 0.422 0.761 0.638 0.846 0.789 0.211 0.0 0.0 0.954
JacobyEllsbury CF 156 0.77 0.292 0.679 0.776 0.915 0.692 0.173 0.032 0.103 0.997
DerekJeter SS 149 0.8 0.33 0.711 0.773 0.917 0.839 0.128 0.007 0.027 0.973
BrettGardner CF 142 0.69 0.222 0.562 0.739 0.928 0.648 0.176 0.056 0.12 0.991
BrianMcCann 1B 115 0.78 0.319 0.612 0.778 0.921 0.661 0.13 0.009 0.2 0.998
ZelousWheeler 3B 11 0.76 0.291 0.67 0.688 0.893 0.818 0.0 0.0 0.182 0.969
IchiroSuzuki CF 102 0.77 0.306 0.639 0.744 0.895 0.843 0.127 0.02 0.01 0.994
ChaseWhitley P 1 1.0 0.25 0.7 1.0 1.0 1.0 0.0 0.0 0.0 1.0
MasahiroTanaka P 1 0.44 0.316 0.471 0.333 0.75 1.0 0.0 0.0 0.0 1.0
PrestonClaiborne P 0 1.0 1.0 0.0 1.0 0.0 0.0 0.0 0.0 0.0 1.0
CCSabathia P 0 1.0 0.0 0.75 0.0 0.667 0.0 0.0 0.0 0.0 1.0
HirokiKuroda P 0 1.0 0.4 0.75 1.0 1.0 0.0 0.0 0.0 0.0 0.971
DavidPhelps P 0 0.8 0.0 0.778 0.0 0.857 0.0 0.0 0.0 0.0 1.0