CCSabathia 8 P 0.466 0.569 88.8 0.227 80.8 0.02 84.1 0.0 0.0 0.184 83.2 0.0 0.0 0.0 0.0
JoseRamirez 8 P 0.431 0.672 94.6 0.152 85.1 0.0 0.0 0.0 0.0 0.177 83.7 0.0 0.0 0.0 0.0
DellinBetances 70 P 0.475 0.526 96.6 0.474 83.0 0.0 0.0 0.0 0.0 0.0 0.0 0.0 0.0 0.0 0.0
AdamWarren 69 P 0.42 0.415 94.2 0.329 86.1 0.0 0.0 0.094 81.1 0.162 85.5 0.0 0.0 0.0 0.0
DavidRobertson 63 P 0.42 0.635 91.8 0.0 0.0 0.0 0.0 0.356 83.0 0.009 86.9 0.0 0.0 0.0 0.0
ShawnKelley 59 P 0.416 0.423 92.2 0.577 83.5 0.0 0.0 0.0 0.0 0.0 0.0 0.0 0.0 0.0 0.0
IvanNova 4 P 0.466 0.662 91.9 0.0 0.0 0.0 0.0 0.302 78.9 0.037 83.7 0.0 0.0 0.0 0.0
CesarCabral 4 P 0.213 0.367 89.2 0.612 83.0 0.0 0.0 0.0 0.0 0.02 84.0 0.0 0.0 0.0 0.0
HirokiKuroda 32 P 0.404 0.446 91.1 0.215 82.8 0.024 89.8 0.043 76.4 0.0 0.0 0.273 86.2 0.0 0.0
DavidPhelps 32 P 0.422 0.474 90.2 0.0 0.0 0.297 86.8 0.15 80.0 0.079 82.0 0.0 0.0 0.0 0.0
ChazRoe 3 P 0.409 0.609 91.5 0.391 83.7 0.0 0.0 0.0 0.0 0.0 0.0 0.0 0.0 0.0 0.0
BryanMitchell 3 P 0.427 0.414 94.0 0.0 0.0 0.319 90.8 0.268 82.3 0.0 0.0 0.0 0.0 0.0 0.0
ChaseWhitley 24 P 0.435 0.451 90.7 0.312 85.0 0.0 0.0 0.0 0.0 0.237 83.7 0.0 0.0 0.0 0.0
MasahiroTanaka 20 P 0.406 0.406 91.2 0.222 83.1 0.061 88.9 0.057 73.5 0.005 82.6 0.25 86.5 0.0 0.0
JimMiller 2 P 0.484 0.762 92.6 0.159 83.3 0.0 0.0 0.048 72.7 0.032 82.5 0.0 0.0 0.0 0.0
ChrisLeroux 2 P 0.442 0.519 90.1 0.365 79.3 0.0 0.0 0.0 0.0 0.115 82.8 0.0 0.0 0.0 0.0
PrestonClaiborne 18 P 0.429 0.541 91.0 0.238 82.9 0.0 0.0 0.0 0.0 0.221 84.7 0.0 0.0 0.0 0.0
ShaneGreene 15 P 0.399 0.517 93.1 0.178 82.1 0.262 87.4 0.0 0.0 0.043 86.7 0.0 0.0 0.0 0.0
MichaelPineda 13 P 0.5 0.552 92.5 0.34 83.9 0.0 0.0 0.0 0.0 0.108 87.7 0.0 0.0 0.0 0.0
MattDaley 13 P 0.502 0.671 85.8 0.0 0.0 0.0 0.0 0.275 76.9 0.054 79.9 0.0 0.0 0.0 0.0
AlfredoAceves 10 P 0.477 0.464 92.6 0.0 0.0 0.155 90.1 0.279 82.7 0.087 83.8 0.016 87.2 0.0 0.0
BruceBillings 1 P 0.48 0.632 87.3 0.197 82.1 0.0 0.0 0.04 75.7 0.132 81.0 0.0 0.0 0.0 0.0
DeanAnna 1 P 0.353 1.0 61.2 0.0 0.0 0.0 0.0 0.0 0.0 0.0 0.0 0.0 0.0 0.0 0.0